7 25
93 50
2 28
812 2068
335 300
58 124
124 415
2397 19
8 12
136 210
70946 2341
56 9
43821 1311
113033 3792
2785 271
1879 1614
20 20
594 913
3126 8976
85 12
3121 13077
1 1
22 116
5 6
1234 783
447 308
26 57
2474 830
473 845
5608 7623
324 14
23207 723
542 487
502 200
1443 1500
5203 4672
291156 2908
510 991
97446 3438
40 34
5118 1485
774 404
46814 3212
1189 1407
6030 3081
550 273
594 71
65887 16479
5 5
532 2173
1 1
863 1330
1218 3688
168 205
259 625
280 2
28 13
1940 507
1478 121
116 574
4318 2209
278 953
53619 8000
8 5
130540 729
499 428
519 131
1692 2675
266 234
119 186
2081 665
395 539
85 190
5170 759
202 109
3 1
177 149
3 35
2 2
503 348
3 2
10315 13414
89 49
29755 8956
727 187
92 144
484 1630
126793 111
56160 193
201 812
422 1144
55474 1285
43277 39
558 280
2969 1321
2 2
289315 2640
407 1149
79 71
65344 5686
131306 10280
22 77
41716 1325
44191 2687
1897 3300
47 81
411 359
530 354
11 3
443 981
138945 4276
31526 2774
1261 679
36658 768
165 15
61995 15900
311873 11006
2076 1597
1 1
3769 1350
6 11
3030 3023
648 156
942 643
767 855
43430 442
130373 14187
305549 1848
2790 1378
75 125
843 743
4 2
175 340
307 987
175 21
3620 2386
1332 682
302912 34935
1050 1926
434 820
1143 813
1 3
316 20
135520 4498
48232 5669
5 6
15274 35154
10134 3209
3036 88
6 5
306170 1738
893 976
475 73
51144 2750
51 5
1919 1223
3608 1207
3 2
1278 405
4178 2476
3 2
34 40
138 5
273 411
8 2
1721 1095
2422 1002
3350 2065
1106 1447
3 2
51926 246
141 266
3773 3977
86 95
290 128
43 111
36610 576
470 465
476 1138
105712 785
838 1195
156 138
309 119
2187 455
306 348
8 29
3210 8084
56 53
2501 1312
509 471
100 551
25897 482
784 1168
3 2
6 190
3481 562
287 197
8936 6334
46715 3761
229 46
55384 91
27180 2540
4175 7446
23 85
2241 308
778 389
102 96
3 2
17530 6516
123 55
692 5476
476 3418
15150 13222
3 2
363 180
706 2301
683 236
1 1
52 894
407 12
17322 6647
5 5
2685 800
2393 2219
305 169
655 72
343 187
103490 1159
3 2
35 477
63 39
111 17
127 168
561 430
133 76
190 34
6558 20599
2765 1508
22588 1785
214891 7196
91 166
51 172
261 197
73 80
12 34
668 777
80 648
45108 1578
40 10
30 77
198 203
283 174
3 56
1451 1651
144 82
1 1
6989 988
1369 673
2072 75
4688 7150
3 2
1662 1603
52327 557
3 2
22734 4569
2325 1159
601 91
5 5
4472 3348
54069 1011
3 2
12 62
56349 54
209 416
9 144
1406 763
1 1
47981 999
119984 16530
759 3048
158 369
111 60
218 73
97700 2966
40470 1673
571 423
209 205
49 70
4720 916
6 9
425 337
41 132
74 572
1284 303
2 2
3 2
241 740
64047 6488
110713 4353
126 161
