-315.0007362054759
-241.1494594826993
-182.89612594308062
-172.90001179010042
-146.78341813512966
-46.91396433038459
-142.55292218575892
-109.15558700673373
-109.94820846430886
-109.43647792850095
-102.5038005376729
-72.71545178604771
-104.99846245173798
-75.28682055339506
-93.55850369992248
-79.87471888356056
-6.099019713775091
-89.99243007551908
-77.02033191102245
-71.43862624668286
-72.14172415095406
-75.81560064621337
-29.906801043256447
-78.22533378987384
-60.234845228222405
-67.57490772002062
-62.89861099272999
-66.5578829700283
