-233.06380799147976
-183.30511372265104
-146.99185899102588
-144.77735493191088
-126.10169260110754
-43.15045463549376
-135.8986804832128
-101.29811217114438
-102.55882575519632
-97.67714671945355
-91.53507506765693
-76.10567995111407
-107.00540013204741
-77.00365873661957
-94.24833321628024
-79.01542084379244
-6.706133314662713
-98.52128227300086
-82.87215342897746
-76.0883078135268
-75.59203828277303
-75.66864008001095
-32.920534250507494
-89.97255128224703
-67.48350786433343
-76.13907993346962
-67.32527382936686
-69.86811197248528
