-115.16640405004608
-121.62800129254252
-109.89178962853155
-100.30769101938118
-97.51026535065695
-81.8496415684371
-87.10644230201622
-85.7212302761513
-78.42994950737183
-86.06573320249885
-74.85183103904761
-68.24224305884334
-85.3042864050739
-65.09065189313802
-69.16402839577009
-67.57014164845576
-67.0171192854271
-61.01043218087492
-56.838146097881825
-61.54896274489708
-49.60097048965209
-59.6751569225679
-50.927761424063256
-52.44218537621543
-51.8874721492623
-59.054878811948235
-50.36785736431924
-51.08931071878123
-50.07002113529041
-51.651764431176744
-48.374544520875205
-51.53810973473681
-41.67025525914121
-44.09923185019998
-46.66136722063753
-44.00882534096072
-41.699943163521596
-41.224404656739516
-42.183822230561226
-41.24351460192058
-46.63288608576825
-41.807993677861404
-42.89450442484851
-46.49949654345073
-39.33772338939313
-36.60818341063719
-38.43369439406931
-1.660274965824057
-28.426264535361934
-32.257397963887804
-30.45360338050338
-30.013720940940082
-31.868806615464422
-26.190839196700658
-28.502196155449234
-28.787616358735498
-28.58197110676575
-30.73968187504834
-27.89495257165994
-26.429879197634715
-33.64042382413928
-26.95479975877298
-29.730650973971656
-26.299486805458205
-30.2112714182627
-26.291251708202438
-27.1439646558086
-26.09824922976153
-22.751193767152827
-26.866149265917414
-24.0543207915803
-26.158957324459575
-25.25056978669113
-29.444819684974274
-26.424432408451267
-25.613579814104693
-25.323539784977438
-25.463166247875794
-25.039516335249733
-27.16515675687806
-22.5514912687293
-22.676966073172192
-25.671832348395487
-24.691357413351042
-24.11412086971404
-23.472042995151686
-23.574501703508112
-24.53124094001261
-27.843471302139456
-25.6482635099063
-25.627840836433553
-28.937205776885
-24.913593417571718
-23.668462872259155
-27.877515577467936
-2.846442330222037
-21.0917571570671
-24.060669172645945
-23.080529829336083
-21.876784109266797
-23.207890315752735
-19.777322008827788
-20.995879027111904
-21.205053647992468
-21.343143281108173
-22.18856314202521
-20.667008330654344
-20.610977816437504
-24.450985111007867
-20.223938421212914
-22.963963492874708
-21.118500263595262
-22.292688838920363
-20.47288576786852
-19.684658404303317
-20.531184581648375
-17.89615099479893
-20.077230342098684
-19.305585016532447
-19.76477171299112
-19.683957441408765
-23.115320532862796
-20.398720729489416
-19.49964678226244
-20.23601575880356
-20.300356964290515
-19.114836564563106
-21.4044634921139
-17.729455270795903
-18.128929306081915
-20.15815689518472
-18.83962809219305
-19.145673953025597
-17.928154829179427
-19.310199437571356
-19.390017675064186
-21.41294870838411
-20.83732840056739
-20.21254592321519
-23.485329625120297
-20.703687550043632
-18.03345299018983
-22.88404636305603
