-366.7303102906583
-338.4765612585761
-351.3505679315421
-360.546360345778
-324.1523366272701
-335.20063233408115
-283.12899770220656
-268.6552612271478
-260.0910217439181
-280.8122787969858
-263.69569026006013
-229.73664001427028
-274.2534394235047
-224.5087300419209
-257.87568501755885
-242.28965457052306
-236.40540791616033
-251.41079759892105
-256.511305402461
-240.96557864283244
-256.2222693613673
-211.96401170296812
-212.93818434633707
-212.93082253422747
-212.5713824034639
-255.56731021702996
-219.1234228166325
-225.4726296812396
-203.8689400036735
-232.31950302713827
-239.8603741981532
-235.40395555810014
-235.72297651510848
-229.57484039652
-248.9132548719198
-234.60889332977098
-214.55207430193568
-217.2045663043631
-216.84085818703863
-226.21601166331936
-203.86157889060982
-213.90912377793302
-213.96523413011167
-218.83860860694642
-223.72187234048292
-219.9997973484513
-220.8684921752027
-199.04382343990034
-218.0351209957014
-226.78354978573236
-229.80973859211997
-248.52911498169058
-221.5854994218146
-216.56403966096167
-230.7123626156377
-210.54611241011557
-222.64809436264076
-220.67199397066616
-228.6344527298809
-226.36345306497773
-251.12695759470108
-229.10036888925254
-221.5857507738234
-228.81255668589725
-239.3525472462902
-216.85962003487177
-241.13625624597833
-237.54246194597243
-225.24960216014333
-240.7634087195764
-226.62665270480608
-213.26328061843816
-232.16788720140397
-250.1858192821402
-248.10373677488747
-204.55552833807127
-222.4035669722002
-222.90339249335415
-215.6006042786763
-254.43820458104017
-262.91761968912715
-250.77679803637022
-226.18429744197857
-243.445646486556
-244.26176127853103
-237.6093587517644
-245.5691316463438
-247.87278217761843
-237.55259827271817
-244.70945965830103
-209.57990133409328
-227.65072218848064
-228.19243042380583
-258.6076381472792
-23.90407560917569
-119.51703668303844
-109.63415482264969
-138.82319193817423
-114.41312042285067
-127.8752014712186
-122.38024788182057
-108.0686746378974
-109.36990080909229
-112.87092608242492
-114.84420117675191
-114.76154117182827
-97.29764172241899
-117.98274904066025
-102.66216075995193
-118.54126050253456
-103.0426850174209
-108.48125132211199
-114.46696846557636
-118.52380628018858
-101.3856932008731
-117.10191851876151
-94.6659335695151
-93.01318051605332
-100.26006958323552
-97.35799075676536
-119.41680924939082
-98.03100812596213
-102.81592589883257
-93.67219273770338
-106.05540092567004
-115.19349022332752
-98.48050773591541
-112.22945066579199
-104.93507885638387
-109.27409066300179
-102.89359509088646
-102.41826592379998
-103.52491206714532
-98.64173139257561
-104.08478580000245
-100.9211296841614
-98.24919982974556
-102.34278610180998
-108.50563409885676
-101.1939585590902
-100.3219337746129
-106.34257149776022
-100.52482609928958
-106.95504624797881
-107.67515841310019
-117.38059600855071
-120.96312006312218
-112.62077592622964
-106.11653686988608
-117.9977987204565
-113.37738145362886
-111.92057211850931
-114.54265076057476
-120.66045053806153
-117.35691827052064
-141.28441343617737
-122.69295729907137
-120.04668662105806
-138.4572989711712
-123.79570597350654
-124.0110283422721
-140.47493700349617
-141.37632117906304
-134.23292834687985
-147.3984510669692
-138.46856982385498
-130.437853516917
-143.76969662467056
-155.57811848504036
-152.9791310391344
-145.3826966290793
-144.97028628130394
-153.61640796018767
-155.29858582168873
-180.04394424262568
-187.52509211291624
-183.4473949142851
-160.12974673193852
-176.42263914229824
-192.67010321471165
-182.74437629749806
-200.67665608607695
-197.97580489735265
-206.63877232214648
-208.33750533667785
-191.7334470419371
-193.93502807100154
-214.90733033944656
-273.26410883570605
-29.91390644614786
-73.09779347997593
-64.45206557037996
-84.33089797269213
-73.3383717512206
-76.19480897377937
-74.5641670084548
-70.38412414500922
-73.1214052768486
-77.66337206992856
-75.08221374056225
-68.3728362225337
-67.01204958175657
-80.70569959613864
-75.68119370009984
-71.44644035596859
-69.81005883081842
-70.28118319532385
-79.42779678468497
-79.24669442303923
-71.47140891279123
-77.34516669046498
-67.95120397617693
-67.45317449042972
-67.58684444947774
-74.12218701722351
-76.93232400183632
-71.25269339132886
-71.2010972254884
-65.8127093485445
-77.63583042907943
-79.58858331521299
-65.44705497106112
-82.90462318473112
-76.89756235155471
-77.28007970956439
-74.68698010417785
-75.58762953856355
-73.43482030719724
-70.74549994720937
-79.28646770677686
-67.86585527848653
-72.75036288864638
-76.64655552257231
-80.47925773469527
-72.7406494414187
-78.54011859370577
-72.61456008868768
-71.23063910274405
-81.16073532033926
-78.60567482734334
-83.47770241317605
-90.99137267086319
-79.01480462706161
-77.46837091310246
-87.82551343238244
-79.5333376007963
-81.9023021747353
-87.51660262144796
-87.27812762812735
-94.74727052366741
-94.26271940419102
-92.11562560466295
-90.40342105415957
-98.79459978019442
-91.2539903909488
-97.94169647044414
-100.47484713693774
-106.15823583763839
-104.31307374222051
-107.81715424878315
-103.91199995947062
-95.4482462596613
-120.48507796494492
-117.38102210500396
-111.77080083458175
-115.10098991826297
-119.72638896079661
-116.20528123682014
-122.84728749742584
-144.59636997302533
-143.2751864854143
-143.69362942897868
-132.28820436199547
-137.33428000281103
-162.09997837817812
-157.9203470170571
-169.1092726111547
-148.01022197078748
-184.72915182415966
-166.57298171153053
-178.42186072379678
-173.245708207325
-204.01413526990586
-264.7358438937636
