-369.80788377234256
-304.61921543971806
-241.83744964361713
-248.4969173490163
-225.55438970446366
-85.53248074348632
-253.37051883795328
-196.17127454558556
-189.94182861769966
-199.3188519967425
-185.50409434755423
-146.5881072622284
-212.96897241570423
-149.14182758817205
-183.99146562147521
-162.0464887650127
-12.721110971951006
-195.11036115999767
-165.920553432134
-145.9163994234382
-156.31335208399756
-162.4137565252341
-70.32295280168029
-178.01392138374464
-136.43171935747475
-148.135222978673
-144.47366692281136
-150.35236293146315
