0	34926
1	2829
2201	1
2202	2
2	1184
3	724
2204	1
4	546
5	420
6	316
2206	1
7	264
8	214
9	171
10	160
11	145
12	137
13	147
14	118
15	99
2185	1
17	88
16	106
2187	1
19	76
18	85
21	62
20	88
23	62
2191	1
22	50
25	64
24	56
27	52
26	40
2181	1
29	55
28	44
31	37
30	41
34	41
2235	1
35	50
32	51
33	37
38	37
39	32
36	42
37	40
42	31
2227	1
43	28
40	25
41	41
46	30
47	31
2231	1
44	22
45	33
51	16
50	28
4353	1
49	25
48	24
4352	1
55	22
54	26
53	20
52	19
59	28
58	20
57	29
2208	1
56	13
63	18
62	21
61	17
60	13
68	16
69	11
70	23
71	15
64	15
4465	1
65	24
66	15
67	13
76	15
77	16
78	13
79	19
72	16
73	17
74	10
75	17
85	11
84	9
87	11
86	13
81	9
80	14
6651	1
83	17
82	10
93	9
92	14
95	18
94	12
89	10
88	11
91	10
90	7
102	6
103	10
100	14
2300	1
101	8
98	10
99	14
4432	1
96	13
2297	1
97	8
110	10
111	8
6599	1
108	5
4445	1
109	7
106	7
107	11
104	8
10896	1
105	5
119	7
118	5
117	5
116	7
115	4
114	8
113	12
112	12
127	7
126	10
125	11
124	7
123	9
122	5
121	7
120	6
137	4
136	7
139	5
138	5
141	4
140	8
143	6
142	1
129	8
128	4
131	7
130	5
133	7
132	4
135	3
134	3
152	3
153	4
154	7
155	6
156	3
157	4
158	8
159	5
144	6
145	7
146	4
147	2
148	7
149	7
150	9
151	5
10863	1
171	6
2099	1
170	3
169	7
168	3
175	7
174	1
173	1
172	2
2107	1
163	5
162	3
161	3
160	3
167	6
166	6
21847	1
165	2
164	8
186	2
187	4
184	2
185	4
190	3
191	2
188	1
189	7
178	5
179	8
2091	1
176	5
177	2
4486	1
182	2
183	7
180	2
181	3
205	3
204	2
207	3
206	4
201	3
200	1
203	3
10803	1
202	2
4602	1
197	4
196	2
199	4
198	3
193	4
192	1
195	2
194	4
220	2
221	6
222	2
223	4
216	2
218	5
219	1
212	2
213	6
214	4
215	4
208	4
209	2
2122	1
210	4
211	5
239	4
2166	1
238	5
237	3
236	3
235	2
234	5
233	1
232	3
231	2
230	2
229	9
6476	1
228	2
227	1
226	2
225	6
224	2
254	4
255	1
253	2
250	1
251	2
248	4
249	6
246	2
247	4
244	2
245	1
242	3
243	1
2152	1
240	2
241	3
4545	1
275	1
274	1
273	3
272	4
279	2
278	3
276	3
283	1
282	1
281	3
280	2
287	4
286	1
285	2
284	3
258	1
259	1
256	1
257	4
6313	1
263	1
2460	1
6316	1
260	2
30357	1
261	4
2448	1
264	2
265	2
270	2
268	2
304	3
307	1
306	1
309	2
308	1
4100	1
4103	1
311	1
310	3
313	2
312	1
315	5
314	1
319	2
318	3
2470	1
288	1
289	2
290	2
291	2
292	1
4117	1
293	2
294	3
296	3
2480	1
297	1
298	2
299	3
302	4
303	1
343	3
342	1
341	2
340	2
339	3
2507	1
338	1
337	3
351	1
350	1
2502	1
349	2
347	2
346	2
345	2
6384	1
326	2
327	2
324	2
325	1
2523	1
320	2
334	1
335	1
4220	1
332	1
333	2
9002	1
331	1
328	3
329	2
372	1
375	1
374	2
369	1
2539	1
371	1
11146	1
380	4
383	2
2534	1
2529	1
379	2
356	1
15020	1
358	3
359	1
352	1
354	1
355	1
364	1
15013	1
366	2
367	1
360	1
361	1
2546	1
362	1
363	1
411	2
2304	1
414	1
415	2
412	2
2308	1
400	2
401	2
406	1
404	1
405	2
393	1
392	3
398	2
396	2
387	2
384	1
391	2
390	3
388	1
440	1
2337	1
442	1
444	5
446	1
433	2
434	1
435	1
437	2
438	1
439	1
425	1
427	1
426	1
6146	1
429	1
6148	1
428	2
431	1
430	1
2361	1
417	2
416	2
421	2
6156	1
423	3
476	2
2373	1
474	2
2368	1
2382	1
466	1
467	1
465	1
4321	1
462	2
460	1
458	1
11056	1
456	1
454	2
453	2
450	1
449	1
4337	1
448	2
510	1
505	1
4298	1
507	1
503	1
496	2
497	1
498	1
495	3
494	1
489	1
2416	1
488	3
6208	1
491	2
485	2
2431	1
487	1
481	3
2425	1
11033	1
483	1
549	2
547	2
556	1
557	1
554	1
555	1
567	2
564	1
563	1
560	1
574	2
573	1
572	1
571	2
570	1
569	1
568	1
516	1
518	2
519	1
7080	1
514	2
2715	1
525	1
2711	1
520	1
523	2
533	1
532	3
535	1
528	3
531	1
2693	1
540	1
543	2
536	1
2688	1
538	1
609	1
614	2
615	1
616	1
617	2
622	1
4958	1
620	1
627	1
625	1
631	2
2799	1
630	2
629	2
635	1
8218	1
634	2
633	1
2785	1
639	1
638	2
576	1
577	1
578	1
579	1
580	2
582	1
583	1
8233	1
585	2
586	1
589	1
8238	1
592	1
595	1
594	1
596	1
598	2
601	2
4971	1
602	1
605	2
604	1
2756	1
607	2
687	2
684	1
682	1
680	1
679	1
676	1
5012	1
674	1
2616	1
672	3
703	1
700	1
701	1
697	3
692	1
691	1
688	2
650	1
646	1
640	2
10360	1
642	1
668	1
671	2
664	1
665	1
666	2
5030	1
663	1
745	1
739	1
738	1
2681	1
736	2
741	1
762	1
763	1
761	2
755	1
752	1
756	1
713	1
2642	1
714	3
704	1
2648	1
709	2
710	2
2628	2
733	2
734	1
722	1
723	1
724	1
726	1
727	1
817	1
829	2
830	1
825	1
824	1
806	1
801	1
802	1
803	1
2997	1
6789	1
814	2
815	1
808	1
790	1
788	1
6842	1
785	1
799	3
798	1
794	1
774	1
772	2
2973	1
769	2
4657	1
781	1
3049	1
888	1
890	1
892	2
895	1
865	1
867	1
868	1
870	1
873	1
875	1
877	1
851	1
849	1
848	1
854	1
4714	1
3009	1
861	1
832	1
3036	1
842	1
843	1
844	2
845	3
3029	1
956	1
952	1
951	1
944	1
2859	1
942	1
936	1
932	1
935	1
2873	3
924	1
923	1
919	1
916	1
915	1
913	1
909	1
904	1
900	1
1017	1
6737	1
4810	1
4812	1
2920	1
1014	1
1001	1
1002	1
1005	1
1004	1
993	2
987	1
985	1
990	1
2886	1
978	2
20362	1
977	1
2892	1
971	1
968	2
8622	1
963	2
31947	1
961	1
967	1
965	1
1096	1
1098	1
3283	1
1113	1
1114	1
1109	1
1132	2
1130	1
1126	1
1124	1
1149	1
1144	1
1141	2
1036	2
1037	1
1039	1
1053	2
1043	1
1046	1
1065	1
1070	1
1057	2
1060	1
1080	1
1087	1
1086	2
1084	1
1078	1
1220	1
1223	1
14230	1
7528	1
1218	1
1229	1
1231	1
5630	1
1230	1
1238	2
1235	1
1244	2
9916	1
1247	2
1241	1
1243	1
9915	1
1250	1
7496	1
11796	1
3186	1
1256	1
1271	2
9874	1
7515	1
1278	1
1279	1
5556	1
1159	1
1170	1
3083	1
5540	1
1173	1
1178	1
3077	1
9920	1
1189	1
1206	1
1204	2
1205	1
1213	1
7410	1
1364	1
13825	1
1356	1
3538	1
1353	1
1351	1
5232	1
1403	1
3554	1
1402	1
1393	1
1394	1
1386	1
9995	1
1380	1
1381	1
1305	2
16087	1
1309	1
1297	1
1301	1
3468	1
1290	1
1291	1
1294	1
1292	1
1332	1
18798	1
12244	1
1313	1
3394	1
44583	1
1474	1
1483	1
1525	1
1520	1
15922	1
1511	1
1505	1
1517	1
1513	1
1425	2
25402	1
1433	1
1409	1
1408	1
1422	1
1456	1
3372	2
1461	1
20551	1
1463	1
5268	1
16743	1
1451	1
7170	1
3831	1
1647	1
3839	1
1636	1
1637	1
1656	1
31093	1
6008	1
1629	1
1621	1
1581	1
1577	1
1574	1
3772	1
3768	1
1599	1
3749	1
1591	2
1586	1
1537	2
1539	1
5925	1
5924	1
3707	1
1763	1
1761	1
8008	1
1769	1
1783	1
1786	1
3667	1
1745	1
1754	1
209836	1
1708	1
1717	1
13793	1
1726	1
1722	1
3617	1
19157	1
3607	1
1675	1
1685	1
3593	1
1681	1
3590	1
1695	1
13353	1
1913	1
1906	1
1892	1
4039	1
4036	1
1875	1
4047	1
11695	1
21159	1
9519	1
13340	1
1868	1
1862	1
1860	1
1852	1
9567	1
1840	1
1830	1
17382	1
1824	1
1827	1
1814	1
3981	1
3980	1
1808	1
1796	1
1794	2
2034	1
15419	1
3947	1
13482	1
2018	2
5849	1
2025	1
1995	1
1996	1
1973	1
1982	1
1979	1
7695	1
1954	1
77676	1
1960	1
7736	1
1946	1
1944	1
1924	1
7723	1
38824	1
1934	1
11637	1
1933	2
1932	1
1931	1
11634	1
1928	1
