 0.4163499999999999
 0.36545999999999973
 0.3691899999999998
 0.4091099999999989
 0.36987999999999943
 0.3665899999999996
 0.24684999999999974
 0.3353899999999992
 0.32081999999999966
 0.3294600000000001
 0.27687000000000017
 0.2760899999999998
 0.2981599999999995
 0.29144999999999976
 0.27142000000000005
 0.2618999999999997
 0.2688099999999996
 0.29375000000000007
 0.2749899999999999
 0.2914799999999995
 0.3277
 0.2925299999999996
 0.31316999999999967
 0.26511999999999997
 0.24391999999999991
 0.2899
 0.23167999999999989
 0.2628799999999997
 0.2560000000000002
 0.22547000000000025
 0.23775000000000038
 0.2731700000000003
 0.23810000000000006
 0.3101739130434783
 1.9000000000000004E-4
 5.000000000000002E-4
 5.100000000000003E-4
 3.000000000000001E-4
 3.6000000000000013E-4
 5.900000000000004E-4
 3.4000000000000013E-4
 4.6000000000000023E-4
 4.600000000000001E-4
 4.400000000000002E-4
 5.700000000000003E-4
 4.100000000000002E-4
 4.500000000000002E-4
 4.600000000000002E-4
 5.900000000000004E-4
 0.0011000000000000005
 6.400000000000004E-4
 6.400000000000003E-4
 5.000000000000002E-4
 4.100000000000002E-4
 4.1000000000000015E-4
 5.000000000000001E-4
 3.200000000000001E-4
 6.300000000000004E-4
 0.0011500000000000006
 3.400000000000002E-4
 5.500000000000002E-4
 6.900000000000004E-4
 5.900000000000001E-4
 6.200000000000003E-4
 5.100000000000003E-4
 3.7000000000000016E-4
 6.800000000000003E-4
 4.347826086956522E-4
 2.2E-4
 4.500000000000002E-4
 4.3000000000000015E-4
 2.800000000000001E-4
 3.800000000000002E-4
 3.9000000000000016E-4
 2.7000000000000006E-4
 4.400000000000002E-4
 2.900000000000001E-4
 4.200000000000002E-4
 5.100000000000003E-4
 4.400000000000002E-4
 3.8000000000000013E-4
 3.9000000000000016E-4
 3.800000000000002E-4
 6.900000000000004E-4
 4.1000000000000026E-4
 4.6000000000000023E-4
 6.300000000000004E-4
 3.6000000000000013E-4
 2.800000000000001E-4
 3.4000000000000013E-4
 2.7000000000000006E-4
 4.7000000000000026E-4
 6.100000000000001E-4
 3.700000000000001E-4
 4.4000000000000023E-4
 4.600000000000002E-4
 4.5000000000000026E-4
 6.900000000000004E-4
 4.4000000000000023E-4
 4.4000000000000023E-4
 3.6000000000000013E-4
 0.0
 2.1000000000000004E-4
 4.3000000000000015E-4
 3.6000000000000013E-4
 2.0000000000000006E-4
 2.900000000000001E-4
 1.8E-4
 3.4000000000000013E-4
 2.3000000000000003E-4
 2.900000000000001E-4
 2.600000000000001E-4
 3.7000000000000016E-4
 4.6000000000000023E-4
 2.0000000000000004E-4
 3.900000000000002E-4
 4.3000000000000015E-4
 6.000000000000003E-4
 4.200000000000002E-4
 3.3000000000000016E-4
 3.4000000000000013E-4
 3.4000000000000013E-4
 3.1000000000000005E-4
 3.3000000000000005E-4
 3.6000000000000013E-4
 4.300000000000002E-4
 7.000000000000002E-4
 3.3000000000000005E-4
 4.000000000000002E-4
 2.400000000000001E-4
 3.6000000000000013E-4
 3.500000000000001E-4
 5.600000000000003E-4
 3.8000000000000024E-4
 3.7000000000000016E-4
 3.4782608695652176E-4
 1.9E-4
 3.100000000000001E-4
 3.300000000000001E-4
 2.300000000000001E-4
 3.300000000000001E-4
 2.2000000000000003E-4
 2.900000000000001E-4
 3.300000000000001E-4
 3.700000000000001E-4
 3.000000000000001E-4
 3.8E-4
 4.0000000000000013E-4
 3.4000000000000013E-4
 3.1000000000000016E-4
 3.9000000000000016E-4
 5.700000000000003E-4
 2.900000000000001E-4
 3.0000000000000003E-4
 3.400000000000002E-4
 2.700000000000001E-4
 3.2000000000000013E-4
 2.1000000000000006E-4
 3.000000000000001E-4
 3.6000000000000013E-4
 7.400000000000002E-4
 3.000000000000001E-4
 3.7000000000000016E-4
 4.100000000000002E-4
 2.7000000000000006E-4
 2.600000000000001E-4
 3.100000000000001E-4
 2.800000000000001E-4
 3.100000000000001E-4
 1.7391304347826088E-4
