 -270.0709359615775
 -247.91428052337906
 -263.7303018126111
 -260.53304220323525
 -227.08582431569914
 -273.6399009867886
 -244.894207114007
 -220.16857516229862
 -267.81769276455105
 -247.4919495698922
 -238.54105909901799
 -247.43539120557446
 -224.59473822547588
 -212.40785331461575
 -208.86506163516006
 -217.4742522722725
 -211.54649200075914
 -210.20515496948775
 -195.26122797272362
 -183.02799444636804
 -199.7780744795878
 -195.29274741778846
 -175.6381608570231
 -191.70016773495226
 -174.96067265529373
 -177.05480925857609
 -181.20986851424345
 -161.65971990009263
 -180.57310661949668
 -169.29487925915902
 -170.33375156915153
 -169.40072503837516
 -168.22123217510895
 -157.9260157156461
 -150.23826470043764
 -155.26168149589245
 -141.72781160811962
 -143.65187853878473
 -131.76186309908226
 -133.95307377406607
 -139.47777931380216
 -130.17339661744163
 -149.2331849489985
 -142.2534814699949
 -133.40467842327402
 -155.9658829617586
 -122.49030569425149
 -113.24544593319713
 -102.72441261971665
 -110.14474984976337
 -113.85547833851433
 -98.3046918419339
 -120.71825321093098
 -111.72733889086703
 -99.4231682278031
 -133.43142894621894
 -120.52393782034595
 -116.36743378729757
 -123.46836749004623
 -115.23101725950897
 -108.12804902826242
 -109.59584834866538
 -115.8558221852405
 -112.17173290822222
 -114.27909175786596
 -105.4885294835307
 -100.07916640199082
 -111.6981981440069
 -108.12333861431026
 -100.34806574007126
 -111.11433708607566
 -103.48560110132314
 -102.14859382138685
 -107.33651909802555
 -96.57189353602304
 -107.57846297225389
 -102.76740629886828
 -102.63562297714816
 -102.99016021452343
 -103.09414731503668
 -97.27282991019351
 -94.9057306519108
 -98.24213161736961
 -89.48984669831363
 -93.83406171066449
 -86.0785441313353
 -87.24845184124037
 -90.24406422273346
 -86.25636998468673
 -98.75273781100155
 -97.21858929938534
 -93.21331890584148
 -113.0131703517741
 -91.8813392450228
 -85.87314938410036
 -78.44057123055966
 -84.33230267135606
 -86.61984763661259
 -75.32811738183459
 -92.78530811588334
 -85.6407410695814
 -77.50107399904475
 -103.94327137528693
 -92.59490967785143
 -88.10966924285758
 -94.32132022412638
 -88.95848181510081
 -82.96177203143374
 -84.67879407104537
 -90.7650946113244
 -86.68252266773446
 -89.92364161341995
 -81.37569384595872
 -78.74158756381577
 -86.71730317735883
 -84.1204001225036
 -80.37560595128161
 -87.59580054041682
 -82.15038524766918
 -80.18222761607407
 -85.8549721118971
 -77.40052092868638
 -84.89074240334268
 -80.71584464843833
 -82.45977711989171
 -82.74588715784566
 -83.31132762267089
 -77.87111820854143
 -76.64101407273759
 -78.25596166607282
 -72.34491386997678
 -75.27829746323371
 -68.38276365453575
 -71.1096462859267
 -73.12988891487295
 -69.72270374354244
 -79.40712213869134
 -79.28613608812395
 -75.17503278598733
 -91.10282211881076
 -73.86750293204248
