-269.1143928524047
-285.8401849292223
-267.3797669114337
-260.358276874409
-272.65507521275396
-239.58777029357307
-273.4245602974902
-281.6972508709882
-272.88577478706685
-309.1003550556852
-287.9218513523571
-272.5723122318014
-339.7884452137936
-277.57043719261384
-290.9860767712143
-296.89587376486867
-323.5503425000931
-307.33298831805564
-299.6237922354178
-310.7618174217229
-283.9463586699616
-332.11835585406044
-294.7649559004878
-313.5378077421525
-315.4822205721298
-363.58074676470153
-326.7695878936144
-345.58517807462675
-332.8366725500067
-333.6397445054245
-356.7209568943381
-357.3654094091528
-306.2917015078273
-341.6987138114834
-350.03892461353377
-348.4636189251183
-327.0302254758381
-343.9584738348827
-341.2650906995041
-356.5416174063425
-403.8588161275043
-363.0446105466123
-372.19584475320653
-427.8000198850383
-367.5135237180865
-338.4792295573407
-382.2581561647742
-17.40865614959644
-341.00670958214755
-376.37054194794024
-356.19827659604505
-356.90503953371064
-373.4979482919
-293.74068213487334
-356.65966060836996
-335.8146054138851
-335.07620786741774
-357.2561032795354
-Infinity
-305.19604329174547
-376.2200118975568
-310.16323567946085
-325.97217913795686
-297.16466275731176
-335.6849742328417
-292.16529340429923
-300.1641694396635
-279.23359082651325
-254.01157362339984
-293.14642796474834
-259.12441844599175
-259.6266175708551
-266.9445088935347
-291.7742677433552
-260.5857288958639
-256.3378370869034
-252.87369381496774
-235.9039720076419
-241.7004251524859
-244.98021814924854
-203.47527212629265
-214.71844491854333
-236.44203065261084
-203.80881441558597
-203.65163778879048
-198.80772883534047
-183.90933994422852
-197.91036319846953
-213.95287762495363
-187.86951490878772
-181.01047437817545
-213.49183956973187
-181.33191618588145
-162.6111582610299
-192.3065150306248
-20.62672963025403
-152.1795525833275
-Infinity
-174.26437066649413
-164.3445037608494
-167.43705899882207
-140.56943299856172
-158.2876816863585
-154.34868222261036
-160.45179958919695
-169.29974153408162
-150.43111774136557
-147.5588143297462
-172.1577755258759
-147.27181888289695
-158.63966861534428
-146.50591829478566
-156.30710712632984
-147.1086997804555
-140.6338869888417
-140.8186328403628
-123.66662662014524
-146.88586009484897
-129.03833746096123
-129.9595230880193
-132.14752678090696
-150.78984933279352
-130.43622431687461
-135.71926096089499
-130.51886397141752
-127.6825780959968
-128.8483330466419
-135.435344121223
-109.1962745973051
-114.65556889916442
-130.9027259151555
-113.67379862452384
-112.48271824781655
-106.52190044865358
-108.127110489071
-109.99238319180522
-120.50438556740652
-113.13102339768871
-108.10889993841401
-124.51346656525244
-112.1026823388488
-90.29993803583316
-118.94725950165764
