-270.55613898796787
-281.9808814278907
-263.33456254195784
-255.9040188790645
-262.53464851082816
-232.94733853490655
-263.0306110198544
-267.4203252761299
-255.0292293910671
-289.87997740436845
-271.9723531015249
-251.48498094217229
-317.28062577362437
-261.84813619780437
-268.9692894927189
-277.6356669360482
-294.2094418479917
-282.17108146956303
-269.33636353637786
-288.789766666655
-258.02091437497927
-295.07363143461544
-277.31019293091293
-280.744231197766
-282.17774181619114
-324.26428556011274
-293.3207622386571
-304.0021533345409
-297.9178237942975
-293.2646046520009
-315.9349475172314
-321.2828384883994
-271.1739683973538
-294.127250697684
-312.764986951607
-308.7908240151852
-293.6896567544585
-303.838114838137
-296.5114021617386
-315.95847239123964
-366.94185126259384
-330.2638598512734
-329.0033340991289
-380.15357906379637
-320.44178578207544
-309.60319435894615
-326.14895457021953
-15.847994666229184
-296.00440495304804
-335.30008774517444
-312.0057773916785
-309.8361778215834
-330.75115093880356
-255.4079448630142
-304.71192905424454
-289.4891732118158
-296.5626960883824
-308.23753307675054
-288.7068130023605
-271.5283136543262
-330.0955610890498
-267.27460249952594
-278.8999288949692
-251.39114739599336
-290.60528126467614
-254.13077024027348
-251.74476774487192
-244.18750792814518
-221.91335865148432
-251.8465056358057
-Infinity
-222.77428133142283
-227.9925161783566
-238.90518417263817
-235.07285870715035
-220.4748841828001
-212.10473527010944
-197.93818976349925
-214.15604084067905
-205.2627975586998
-172.45409595434
-186.81072483732612
-197.68052033063205
-175.67622689005998
-166.99213500603207
-169.4373202371003
-163.07932603665785
-170.27770132481825
-185.09004262720893
-167.45295080359767
-160.14767445725366
-183.81894757798534
-150.29379176854073
-140.0442815027956
-156.19611207857096
-17.242431150598545
-133.16716189515995
-145.83931532928216
-139.7600463511427
-136.23927033855628
-146.8188894833545
-122.79387650725288
-135.41419776962263
-130.78697981442875
-133.9912364940186
-144.2085502687821
-126.90305864130124
-125.44386632207517
-142.77970217231825
-122.57638118711645
-131.17520099430163
-127.91341302284073
-129.74192169963584
-126.74561141648402
-116.87873139360434
-118.96452584883627
-104.85515446605521
-121.41068104944561
-109.25119792937932
-105.68070431756334
-119.02116515202492
-123.0983043446864
-109.85070367715278
-110.1496030348911
-111.41457154658973
-104.90242531561935
-103.17918308215252
-113.64685481435266
-91.97403230383291
-96.02523288586333
-106.98885663610838
-96.47922936406229
-92.57812029290874
-90.34632015586179
-91.89420992943131
-96.39525493799243
-98.41202450086693
-94.87198661600323
-93.59804018785616
-102.01048670599613
-95.14912792769218
-80.79307407130689
-99.87172240328566
