-269.6689105968529
-284.0342304831209
-265.4785994248839
-259.6052302881113
-264.6842220903485
-233.64593245139517
-267.86579906523014
-271.4844152607695
-256.5324901992216
-294.21597590797563
-271.53392107631805
-252.5942207339974
-314.06210119377954
-260.8356498819028
-266.92205883250654
-272.8226525428314
-291.2200991534945
-277.54973452742985
-271.373049721664
-281.2595093507101
-251.56274138637542
-298.12535242934314
-262.9726070518705
-277.69107645552157
-279.45109302210307
-317.5007934749628
-281.4884522450091
-307.559473671802
-293.7774990373336
-284.28425714030107
-309.0733330174056
-310.43926984156553
-268.4341257774984
-286.4052928998171
-305.4122735841836
-299.3104677265807
-275.42594497304896
-287.50534571324056
-291.6324500108076
-302.5356215711032
-339.1997882963124
-304.8449972065715
-313.8127841499015
-359.6395355017394
-303.15541690663724
-292.2392289625237
-318.319047013529
-15.111045295617899
-283.4331884806198
-313.60158315077973
-294.23058151845845
-296.8317637845843
-301.4314810715165
-242.3466864245239
-292.2783170848403
-276.40770245458623
-282.3150208115067
-297.82993099179674
-258.6406421021925
-247.00880976981884
-303.08608108910084
-249.89041341457744
-261.94182811600626
-232.4307120154648
-267.5509374834855
-243.6141688669096
-238.17013822424806
-218.66026931582508
-199.18277474294584
-237.15726972381614
-206.91421722956053
-205.17284625675387
-210.7210480748193
-227.72603290818498
-204.86782456352904
-198.53923675024467
-191.60118052596556
-177.47517694267165
-188.2696117152508
-189.1805809503526
-158.06149067784224
-159.10951498950593
-178.54305552571842
-154.880290745256
-147.46822062432813
-150.6127901453467
-141.63733071985317
-143.31844449947164
-163.4710519298546
-138.53370398468041
-138.81553594715706
-154.9538456811713
-134.61318301402758
-126.2793177370525
-141.18619210992654
-14.91422003996021
-116.28237406946663
-131.90805233329166
-119.93975127118102
-120.27449462798282
-118.28085883726321
-100.521699437808
-116.54607403940574
-115.51988411656711
-114.14662460538949
-121.05950949564179
-112.69196443602108
-102.52704930163087
-128.5260837053392
-107.39824786382515
-114.65059111921002
-102.25800789808325
-113.48817948149697
-105.99129903610208
-101.1182066860245
-99.50888375291582
-87.49966780139934
-103.68217135435431
-98.24742803363232
-92.7943761311199
-99.01286949379644
-104.55215457846016
-92.58981466202205
-94.31514365179646
-93.87669075393335
-93.30834931189011
-89.25994742529086
-93.9413754811857
-77.69745910078964
-81.14751491869738
-89.18844312346799
-83.31293561012262
-79.61370806972039
-74.54527324685034
-77.8593383571508
-79.66789809148182
-83.4433237208382
-79.44383117362916
-75.75073826839528
-86.05072252046462
-79.11579000124661
-70.69328431144083
-87.97605833389676
