-270.8056719729723
-295.7302893208989
-273.3196412942658
-261.3866463568796
-261.98912208104025
-224.3403917647076
-248.95838028037022
-246.80329511665198
-230.1411218268213
-253.84127682417122
-224.64101799503425
-206.3621521002848
-254.08734914230791
-203.2910106834658
-203.8142221482722
-206.02786085221433
-214.15483686113356
-200.23178975243627
-184.8264006908993
-193.60101687471902
-165.78272675658238
-193.8444393417832
-168.99421732638214
-173.049766185569
-172.32358582035556
-193.3315441264358
-168.4471740826353
-173.98227411789006
-169.41751519973556
-166.05309945068257
-167.25683046387053
-170.86602796408192
-143.00127907141714
-150.19693322179432
-157.744938906125
-151.75347508914425
-140.2209678310258
-141.6085495045071
-142.84822352432934
-145.115068334358
-159.80431371326776
-144.3349072683901
-144.5279511636419
-162.73023951416857
-138.05736122380728
-125.15012976353404
-135.64138553818535
-5.982134686331596
-109.58888600849649
-123.62738245112477
-116.63301561513339
-113.42164929015759
-114.05913539414232
-98.01804468942133
-114.67615752568734
-109.77268735753009
-111.42154438553058
-117.45815416263291
-108.17876064806626
-102.24155622661159
-128.29015672271234
-103.79679979544554
-112.80458103567173
-100.1572747734735
-114.25966634233797
-101.55739192434405
-104.38358824605099
-101.40500230529138
-90.49359150419227
-108.52937309207971
-97.22995512552697
-98.39735336648918
-99.43587859606924
-113.17936282253851
-101.76586090007874
-100.00368719155915
-102.80157399526941
-98.7290385327554
-100.59708811614998
-103.27054695350085
-89.61340840343213
-90.83808585490495
-103.24712784502138
-94.56005890618357
-91.13538988197314
-91.60133276816804
-90.00694079139532
-96.20220691009118
-106.19777649229376
-97.08587357634434
-97.33021208430604
-111.17027675216245
-98.92407596656798
-88.111470284683
-101.14165589605118
-11.38897450782624
-83.06938919276514
-94.95817048919994
-91.32353161586336
-85.77838783591815
-87.11673199261791
-76.55431651821056
-86.54904645918063
-82.46806979327442
-85.55314198573593
-89.48881807688218
-82.58205714134544
-81.38958684306806
-97.65485487310433
-80.0807130854303
-88.50224577304664
-80.11494844460992
-87.84226053338463
-81.53917026981979
-79.21685953354375
-80.60456865643124
-70.3181523725153
-84.04475190577705
-75.7558596364683
-75.24028946668388
-79.46270548720476
-89.8465080450199
-78.477497740316
-79.92869641314459
-81.59791112573019
-81.13370742781936
-77.31961284744446
-85.30204662191508
-71.35318761038326
-72.58468952002653
-82.8561850956349
-74.78276892089308
-75.00253605910471
-70.41173289950343
-75.06965889462401
-78.95845997320308
-83.69486768854125
-78.83596446986822
-77.7889052063887
-89.78562819538001
-82.43198490476809
-69.42310565140687
-82.59455496705797
