-224.62127533226194
-230.18338416507268
-201.70294855520697
-176.44002632959823
-163.676155814803
-133.39702448888727
-138.94992592131885
-129.4158318582699
-116.06118078038864
-123.53216314434854
-103.26789844543397
-90.07704573952593
-110.66682669423997
-82.73923880427523
-84.24350333465095
-81.34858571776141
-80.17219752099219
-71.67449558623345
-64.01486070102746
-67.69905793895343
-54.47847074255729
-64.11633177318322
-53.198954501759125
-53.57021380747279
-52.98603806816833
-58.508070381325695
-49.710311252483145
-50.45076689990223
-48.865768861175695
-48.57514857672812
-45.69848706133871
-47.77754692371169
-38.359856010028345
-39.65202336636564
-42.56063955754631
-39.144396153685236
-35.699020204234586
-35.91156507154626
-36.07412685563284
-35.57090384490487
-39.54994442719787
-34.43517491266128
-35.3570213940655
-38.93944507032337
-32.78518220887568
-28.684180300575125
-30.70282281501448
-0.7361543398757856
-13.953665430426634
-15.616842855701442
-14.557166040966536
-13.74677424075551
-13.25338910939531
-12.677524787604145
-13.50675260697627
-13.228822213664152
-13.268422870517604
-14.245625969901033
-12.919378705827027
-12.076244801493806
-15.842660684322553
-12.15563468657527
-13.570802356560229
-12.160310308985165
-13.461771344538734
-11.982988771778269
-12.160600457292453
-12.720439119595396
-10.462909604614442
-13.091583681839156
-11.446714381575951
-11.790363508011916
-12.117371162983341
-13.650187830367976
-11.696279815858139
-11.697057754453683
-12.63305775023729
-12.93722250448675
-12.145064691712312
-12.387936931654433
-10.745333258953004
-11.149287247017208
-12.98985556372333
-12.418174639723265
-11.373632451297517
-11.93435873102225
-12.053361175707488
-12.528067122690356
-14.586482146773823
-13.64773842189079
-15.064322886688508
-17.492070552962694
-16.706911439536007
-15.971236425089096
-20.42302698287886
-1.0972835529053924
-8.51923130878548
-9.82097497770877
-9.613381208431562
-8.444186827586186
-8.900219484151492
-8.145288438005775
-8.666406205309412
-8.111075909290328
-8.627047088943316
-9.38587565935017
-8.507719656178063
-7.948222794933787
-10.187462679997068
-8.21134887920241
-9.448901247659618
-8.44154724801071
-9.186111957169897
-8.162522620764271
-8.070305585633625
-8.359336856321962
-7.42082126128987
-8.614211844430036
-7.981872338666978
-7.9354414897400725
-8.442303755685609
-9.474205910655982
-7.876766653535672
-7.966836785449389
-8.827949162340852
-9.002986382017163
-8.567969974419647
-9.438477656782686
-7.76986060591472
-8.070075693931017
-9.425709639355146
-8.648560003506082
-8.201517279485513
-8.427835739155421
-9.176840678600202
-9.675290336693985
-10.284680428907167
-10.118739313556546
-10.699863561809677
-12.640532362490466
-13.078241236463864
-11.742334949720616
-16.026084467497824
