-191.66212689664152
-144.9106977843875
-118.4152027752017
-112.3428590091074
-99.35986697309697
-33.16344377393769
-106.59104082880899
-80.4632343194474
-83.5041058307461
-78.57943746744063
-74.85350209493903
-61.76388216234858
-87.45873687468188
-63.63017489108191
-78.16965967148752
-64.40548550423219
-5.427406133782378
-81.94090987143375
-68.77505204697066
-65.28972419042333
-62.925455468357406
-63.67775812364729
-27.706972799334412
-75.5292170457217
-57.35503120687129
-65.32019704192878
-56.34909132469773
-59.03720703369762
