 -338.08946878993083
 -303.0829968278832
 -317.0131171728909
 -303.1915771527127
 -260.2292435436677
 -308.19351736048145
 -269.1967243202995
 -238.801550780782
 -283.68453857458786
 -258.63126449346123
 -245.01954283952895
 -250.48224865515618
 -224.9015638221945
 -209.7528168637521
 -203.030725575629
 -210.21987228530193
 -203.2929890052956
 -201.07410485971758
 -183.16252458697272
 -169.6122209785604
 -186.1754484113284
 -178.70654344490475
 -161.12627077865127
 -177.9774051466721
 -159.49486920842318
 -158.82169109275853
 -166.2246584263667
 -146.89346518105378
 -162.89386695453658
 -151.624795481797
 -152.66954479056193
 -153.79170282545493
 -151.52407520452974
 -141.529354873577
 -137.05298481383682
 -139.03854030106723
 -128.79212636622623
 -129.90712821497792
 -120.9479247641456
