1 1
1 1
1 1
1 1
1 1
1 1
1 3
2 2
2 2
2 2
2 28
3 1
3 2
3 2
3 2
3 2
3 2
3 2
3 2
3 2
3 2
3 2
3 2
3 2
3 35
3 56
4 2
5 5
5 5
5 5
5 6
5 6
6 11
6 190
6 5
6 9
7 25
8 12
8 2
8 29
8 5
9 144
11 3
12 34
12 62
20 20
22 116
22 77
23 85
26 57
28 13
30 77
34 40
35 477
40 10
40 34
41 132
43 111
47 81
49 70
51 172
51 5
52 894
56 53
56 9
58 124
63 39
73 80
74 572
75 125
79 71
80 648
85 12
85 190
86 95
89 49
91 166
92 144
93 50
100 551
102 96
111 17
111 60
116 574
119 186
123 55
124 415
126 161
127 168
133 76
136 210
138 5
141 266
144 82
156 138
158 369
165 15
168 205
175 21
175 340
177 149
190 34
198 203
201 812
202 109
209 205
209 416
218 73
229 46
241 740
259 625
261 197
266 234
273 411
278 953
280 2
283 174
287 197
290 128
305 169
306 348
307 987
309 119
316 20
324 14
335 300
343 187
363 180
395 539
407 1149
407 12
411 359
422 1144
425 337
434 820
443 981
447 308
470 465
473 845
475 73
476 1138
476 3418
484 1630
499 428
502 200
503 348
509 471
510 991
519 131
530 354
532 2173
542 487
550 273
558 280
561 430
571 423
594 71
594 913
601 91
648 156
655 72
668 777
683 236
692 5476
706 2301
727 187
759 3048
767 855
774 404
778 389
784 1168
812 2068
838 1195
843 743
863 1330
893 976
942 643
1050 1926
1106 1447
1143 813
1189 1407
1218 3688
1234 783
1261 679
1278 405
1284 303
1332 682
1369 673
1406 763
1443 1500
1451 1651
1478 121
1662 1603
1692 2675
1721 1095
1879 1614
1897 3300
1919 1223
1940 507
2072 75
2076 1597
2081 665
2187 455
2241 308
2325 1159
2393 2219
2397 19
2422 1002
2474 830
2501 1312
2685 800
2765 1508
2785 271
2790 1378
2969 1321
3030 3023
3036 88
3121 13077
3126 8976
3210 8084
3350 2065
3481 562
3608 1207
3620 2386
3769 1350
3773 3977
4175 7446
4178 2476
4318 2209
4472 3348
4688 7150
4720 916
5118 1485
5170 759
5203 4672
5608 7623
6030 3081
6558 20599
6989 988
8936 6334
