7 5
53 17
56 1
67 3
194 49
204 344
208 354
231 96
274 19
307 1325
319 132
326 820
343 7446
464 2
472 14
539 2
567 81
614 73
684 5
999 5
1519 625
3076 33051
5222 557
6274 20599
8152 12
11842 200
14232 991
14958 28
15282 966
22973 187
23191 302
23674 8746
24305 124
24334 -1
26797 8956
27956 340
29907 -1
34647 -1
36245 2687
37407 13457
37552 1597
37852 768
38567 -1
38872 72
39237 1549
39604 -1
39617 482
39846 -1
40925 -1
42434 -1
42833 -1
43933 3418
45386 82
45403 1508
45736 2540
45980 95
46004 88
46081 4569
46275 116
46465 830
46493 -1
46585 121
46750 648
46938 13
46951 658
47111 2301
47595 2
47630 471
48477 34935
48615 1144
48679 190
48724 4570
49746 428
49974 800
50643 1
50780 404
50908 3438
50926 131
50938 665
51046 45
51383 576
51659 734
51702 292
51765 21
51844 1
51904 39
52001 35
52020 1011
52041 1673
52310 423
52600 2034
52918 3761
53024 1578
53186 205
53265 10
53633 1311
53679 50
53801 1785
53802 1285
53874 135
53878 210
54272 2750
54472 777
54481 72
54516 219
54636 319
54839 32
54937 723
54992 2
54995 1689
55221 643
55261 2050
55458 740
55470 144
55481 125
55523 3
55696 1
55826 2
55977 34
55980 132
56037 981
56202 85
56241 9
56314 5476
56427 205
56445 197
56541 228
56596 113
56604 91
56621 -1
62412 2
62990 156
69300 976
71366 15900
72407 673
72626 15
72866 2131
73991 25
75403 1651
75514 281
88419 3300
89933 13527
95883 1195
98035 -1
99868 144
99874 16479
100207 729
102021 1202
103610 3348
105686 601
105899 2341
105912 271
106867 916
106940 415
110713 4353
111479 6334
111913 4822
112590 913
113033 3792
114160 38
115619 5686
116033 2
116834 46
117428 49
117721 2
117927 3867
118250 2888
119213 77
119396 731
119849 1095
120928 783
121556 812
121631 71
121676 76
121711 2
122593 1138
123094 62
123200 203
123262 1174
123374 5491
124184 1168
124696 308
125261 855
125350 2
126044 2173
127630 16530
128051 303
128089 5910
128400 2
128882 3
129125 2
129605 2
130614 35
130760 513
131134 813
131167 988
131325 1447
131341 183
131560 2
132433 743
132479 9
132520 405
132728 2065
132739 202
132877 3023
133263 1207
133734 25
133799 -1
134286 149
134289 4672
134815 8084
134838 1926
135225 386
135267 2
135320 1312
135597 1227
135764 1159
135780 6516
135836 2
136127 539
136536 98
136662 679
137024 117
137415 987
137533 5
137620 152
137656 5
137963 2
138068 5
138435 4498
138530 197
138641 111
138671 5
138690 272
138755 2386
138979 574
139085 3081
139721 187
139790 72
139857 785
139922 80
140270 879
140439 2
140459 8000
140670 542
140879 168
140941 3064
141171 111
141714 1321
141759 389
141812 -1
167000 7196
169785 1738
180730 163
218088 13222
228335 2640
231175 8976
233085 -1
240736 6123
253729 2908
257117 10280
260593 3209
265844 234
269753 1848
273084 2209
287801 369
294184 682
297959 507
301095 19
304260 7150
309701 180
