133799 -1
43933 3418
132479 9
132728 2065
138530 197
269753 1848
51904 39
135225 386
52600 2034
131560 2
117927 3867
103610 3348
218088 13222
55261 2050
48724 4570
137024 117
117428 49
56241 9
139790 72
54636 319
138979 574
319 132
119849 1095
36245 2687
137963 2
257117 10280
136662 679
8152 12
55980 132
287801 369
52020 1011
307 1325
42833 -1
123094 62
6274 20599
137533 5
45403 1508
106867 916
53186 205
135764 1159
231 96
112590 913
62990 156
124184 1168
169785 1738
3076 33051
51383 576
141759 389
56427 205
138690 272
326 820
56 1
46004 88
50908 3438
228335 2640
46275 116
141714 1321
39604 -1
46585 121
539 2
50780 404
102021 1202
39846 -1
40925 -1
99874 16479
119213 77
297959 507
309701 180
37407 13457
53679 50
24305 124
141812 -1
50643 1
54481 72
105912 271
14958 28
89933 13527
105899 2341
116033 2
140879 168
52001 35
301095 19
49746 428
53633 1311
54272 2750
38872 72
56037 981
52310 423
95883 1195
265844 234
132739 202
138435 4498
132433 743
139721 187
37852 768
53801 1785
73991 25
131134 813
46081 4569
53802 1285
88419 3300
62412 2
55826 2
23191 302
135780 6516
52041 1673
274 19
48477 34935
24334 -1
122593 1138
98035 -1
131167 988
128051 303
167000 7196
72626 15
45736 2540
131325 1447
128089 5910
139857 785
69300 976
46750 648
22973 187
116834 46
46465 830
29907 -1
72407 673
56621 -1
37552 1597
121631 71
137620 152
38567 -1
15282 966
110713 4353
129605 2
48679 190
56314 5476
134286 149
55221 643
134815 8084
72866 2131
55458 740
128400 2
138671 5
56202 85
140439 2
136127 539
34647 -1
55977 34
54995 1689
472 14
240736 6123
180730 163
75403 1651
53874 135
135320 1312
45386 82
51046 45
23674 8746
684 5
55470 144
75514 281
54937 723
55523 3
139922 80
54472 777
135267 2
131341 183
273084 2209
50938 665
343 7446
55696 1
56445 197
118250 2888
208 354
139085 3081
53878 210
135597 1227
123374 5491
53 17
138068 5
614 73
134289 4672
126044 2173
67 3
47630 471
50926 131
133734 25
1519 625
114160 38
130614 35
11842 200
137656 5
47595 2
105686 601
125350 2
121711 2
128882 3
140459 8000
42434 -1
52918 3761
54516 219
123262 1174
27956 340
100207 729
121556 812
51702 292
14232 991
54839 32
233085 -1
260593 3209
120928 783
111913 4822
115619 5686
111479 6334
124696 308
54992 2
133263 1207
135836 2
48615 1144
49974 800
113033 3792
134838 1926
51765 21
39617 482
39237 1549
123200 203
47111 2301
129125 2
56604 91
125261 855
999 5
231175 8976
137415 987
140670 542
5222 557
567 81
253729 2908
132877 3023
55481 125
136536 98
26797 8956
194 49
138755 2386
51844 1
121676 76
7 5
53265 10
106940 415
464 2
99868 144
130760 513
45980 95
140270 879
53024 1578
51659 734
141171 111
138641 111
127630 16530
56541 228
132520 405
71366 15900
204 344
117721 2
46493 -1
119396 731
56596 113
46938 13
294184 682
140941 3064
304260 7150
46951 658
