 0.9710999999999987
 0.9575999999999988
 0.9603999999999986
 0.9277999999999988
 0.9438999999999989
 0.9101999999999991
 0.8929999999999991
 0.9049999999999991
 0.917199999999999
 0.9290999999999991
 0.8658999999999992
 0.9162999999999992
 0.9149999999999991
 0.8684999999999994
 0.8339999999999991
 0.6673000000000003
 0.7936999999999996
 0.8123999999999998
 0.8554999999999994
 0.7104000000000003
 0.7171
 0.6765000000000001
 0.6897000000000001
 0.913899999999999
 0.7951999999999997
 0.8304999999999993
 0.8655999999999993
 0.7842999999999996
 0.5595000000000001
 0.7733999999999998
 0.7817999999999995
 0.7283
 0.8337999999999995
 0.7832000000000001
 0.6952000000000003
 0.6013000000000002
 0.6022000000000002
 0.8320999999999994
 0.6816000000000002
 0.7116999999999996
 0.6813999999999997
 0.7557999999999998
 0.7749999999999997
 0.9175999999999995
 0.8408999999999994
 0.7367999999999998
 0.7599000000000005
 0.7438999999999996
 0.6529
 0.7438999999999997
 0.8945999999999991
 0.7162
 0.9240999999999989
 0.8498999999999992
 0.4538000000000001
 0.6344999999999998
 0.7893999999999999
 0.8208999999999997
 0.6188000000000002
 0.6940000000000002
 0.7223000000000002
 0.6979
 0.6145000000000002
 0.6066000000000004
 0.7867999999999996
 0.5747000000000001
 0.6947
 0.6286000000000002
 0.7585999999999997
 0.7470999999999998
 0.9094999999999993
 0.8386999999999997
 0.7256000000000001
 0.7522999999999995
 0.7469999999999998
 0.7697999999999995
 0.8426999999999992
 0.5904
 0.7413
 0.6663000000000001
 0.6618000000000002
 0.5868000000000001
 0.8114999999999998
 0.705
 0.5488000000000003
 0.7593999999999999
 0.6722999999999999
 0.8684999999999995
 0.5281
 0.5680000000000001
 0.5411000000000002
 0.7144000000000004
 0.7443999999999998
 0.5108999999999998
 0.6553
 0.7182999999999999
 0.5731
 0.7001999999999997
 0.7384000000000001
 0.7466999999999996
 0.5799000000000001
 0.6858000000000001
 0.6506999999999996
 0.5440999999999998
 0.6535
 0.6185
 0.7503999999999997
 0.6723
 0.6081000000000001
 0.7057000000000003
 0.5247000000000002
 0.6422000000000001
 0.7712999999999997
 0.8344999999999998
 0.7689999999999995
 0.6135
 0.7558
 0.8393999999999998
 0.7086000000000001
 0.6018000000000002
 0.7470999999999997
 0.7335999999999996
 0.5338000000000002
 0.4421
 0.7536999999999996
 0.681
 0.6244
 0.4709999999999999
 0.4334000000000002
 0.6614999999999999
 0.5629000000000001
 0.6075000000000003
 0.8018000000000001
 0.6145000000000004
 0.7139
 0.43959999999999994
 0.7191000000000004
 0.6350999999999999
 0.5162
 0.5698
 0.5595
 0.6642999999999999
 0.6305000000000002
 0.5394
 0.5303999999999999
 0.5568
 0.7015000000000002
 0.6327999999999999
 0.5576
 0.6234000000000003
 0.7603999999999997
 0.6892999999999999
 0.5600999999999999
 0.5402000000000001
 0.7005
 0.5487000000000001
 0.5472000000000001
 0.6857000000000002
 0.7464999999999996
 0.6471000000000002
 0.5982000000000001
 0.4853
 0.7097999999999998
 0.6911000000000002
 0.5944999999999999
 0.4428000000000001
 0.5568
 0.5502999999999998
 0.7684999999999998
 0.5032999999999996
 0.5694000000000001
 0.4905
 0.4834999999999998
 0.48699999999999993
 0.4489999999999998
 0.6906999999999998
 0.4459
 0.6690000000000002
 0.5862000000000002
 0.45659999999999984
 0.5038999999999997
 0.7588999999999999
 0.6102
 0.5505000000000002
 0.6428999999999999
 0.5028999999999999
 0.4745999999999999
 0.43700000000000006
 0.5971000000000002
 0.48879999999999996
 0.6212999999999996
 0.7306999999999995
 0.5816
 0.5876
 0.6486999999999999
 0.6994999999999999
 0.7093000000000005
 0.6379000000000004
 0.7004000000000002
 0.47399999999999987
 0.7977999999999998
 0.7274000000000003
 0.8144999999999999
 0.6648
 0.48779999999999996
 0.5379999999999999
 0.7782999999999999
 0.8387999999999995
 0.6846000000000002
 0.6700000000000002
 0.7091999999999998
 0.6638000000000001
 0.4893
 0.6294000000000001
 0.7136
 0.5239999999999998
 0.5169999999999999
 0.4518000000000001
 0.5953
 0.5991000000000003
 0.7984
 0.6034000000000003
 0.5596000000000001
 0.5849
 0.5691000000000002
 0.4710999999999999
 0.597
 0.512
 0.5207000000000002
 0.9011999999999993
 0.5394
 0.4777999999999998
 0.5476
 0.5618
 0.49410000000000004
 0.5689
 0.4929
 0.30469999999999986
 0.4347999999999999
 0.4435
 0.7568999999999996
 0.5278999999999998
 0.6812
 0.6480000000000001
 0.7070000000000001
 0.6544
 0.6593000000000002
 0.7155999999999998
 0.6974999999999997
 0.6624999999999998
 0.5302
 0.5344000000000002
 0.5438
 0.5096999999999998
 0.5594
 0.5206000000000001
 0.48970000000000014
 0.6547999999999999
 0.7049
 0.4699999999999999
 0.40139999999999987
 0.6116999999999999
 0.5616000000000002
 0.5887000000000001
 0.5703
 0.5720000000000001
 0.46679999999999994
 0.46019999999999983
 0.6008
 0.36639999999999995
 0.5983999999999999
 0.6633000000000001
 0.7576999999999997
 0.435
 0.5425000000000001
 0.45149999999999985
 0.5712
 0.38660000000000005
 0.5801
 0.6243999999999997
 0.6242999999999997
 0.5637
 0.44879999999999987
 0.4586999999999998
 0.6273000000000003
 0.42819999999999986
 0.4876999999999996
 0.5209000000000001
 0.7379999999999997
 0.7151
 0.48700000000000004
 0.6316999999999998
 0.6299000000000001
 0.6387000000000004
 0.5989999999999999
 0.6401
 0.6563000000000003
 0.6072000000000005
 0.5366
 0.6009000000000001
 0.6476000000000001
 0.5931000000000001
 0.4580999999999999
 0.5545999999999999
 0.5873
 0.6019999999999999
 0.5635000000000001
 0.4004000000000001
 0.6825000000000004
 0.7941999999999999
 0.6173000000000003
 0.6328
 0.5128999999999999
 0.6853000000000001
 0.5833999999999999
 0.5078999999999998
 0.6908999999999998
 0.49390000000000006
 0.4403999999999999
 0.5675999999999999
 0.5706
 0.5117999999999997
 0.4799000000000001
 0.39429999999999993
 0.6338
 0.47690000000000005
 0.7138999999999999
 0.5039000000000001
 0.7950999999999999
 0.5476000000000002
 0.6369000000000001
 0.5688999999999997
 0.4620000000000001
 0.5798000000000002
 0.41870000000000007
 0.5429999999999999
 0.49689999999999984
 0.4918
 0.6601
 0.48269999999999996
 0.5989000000000001
 0.5096999999999999
 0.6009999999999999
 0.7387999999999999
 0.5778000000000003
 0.5765
 0.5205999999999998
 0.37280000000000013
 0.5195999999999998
 0.5547
 0.46699999999999997
 0.5998
 0.5307000000000001
 0.7033999999999998
 0.5291
 0.308
 0.5598000000000002
 0.47479999999999994
 0.6085000000000003
 0.7046999999999999
 0.4816000000000001
 0.6668000000000001
 0.5304999999999999
 0.523
 0.4384
 0.5487000000000001
 0.5664000000000001
 0.38769999999999993
 0.4919000000000001
 0.5329999999999998
 0.5920000000000001
 0.6032
 0.6537000000000002
 0.6029000000000001
 0.4536999999999999
 0.5315000000000003
 0.4722
 0.5646
 0.47869999999999996
 0.7192000000000003
 0.5637999999999997
 0.5480000000000002
