 0.9718999999999987
 0.9611999999999987
 0.9668999999999986
 0.9329999999999988
 0.9605999999999989
 0.908899999999999
 0.9110999999999991
 0.9102999999999991
 0.936999999999999
 0.9504999999999988
 0.8261999999999995
 0.8978999999999993
 0.9112999999999992
 0.8279999999999994
 0.8182999999999994
 0.6726000000000002
 0.7916999999999996
 0.8238999999999997
 0.8384999999999998
 0.6914999999999999
 0.7284999999999999
 0.7033000000000001
 0.6440000000000002
 0.920599999999999
 0.7922999999999996
 0.8270999999999994
 0.8914999999999992
 0.7917999999999995
 0.5833999999999999
 0.7542999999999996
 0.8067999999999996
 0.7323000000000001
 0.8517999999999992
 0.7547999999999998
 0.7025000000000001
 0.5909000000000002
 0.5739000000000003
 0.8082999999999996
 0.6567000000000004
 0.6554000000000002
 0.6301000000000001
 0.7295000000000003
 0.7345000000000002
 0.8831999999999995
 0.8439999999999992
 0.7359999999999997
 0.7811
 0.6529
 0.6362000000000002
 0.7330999999999996
 0.8932999999999993
 0.7176999999999998
 0.9277999999999991
 0.8100999999999998
 0.4938000000000002
 0.6507000000000001
 0.7746999999999998
 0.7197999999999999
 0.7151000000000001
 0.7118999999999999
 0.6848999999999998
 0.6644
 0.5640999999999998
 0.6135000000000003
 0.7701999999999998
 0.6044999999999999
 0.7366000000000003
 0.6302000000000002
 0.705
 0.7408999999999998
 0.8930999999999991
 0.8177999999999994
 0.6730000000000002
 0.7927999999999994
 0.7317999999999998
 0.6360000000000003
 0.7845999999999997
 0.6270000000000002
 0.7386999999999999
 0.6551000000000002
 0.6904999999999998
 0.5904000000000003
 0.7858999999999999
 0.6685000000000001
 0.5528000000000002
 0.7649999999999997
 0.7195999999999997
 0.9275999999999996
 0.48649999999999954
 0.5494999999999999
 0.5474000000000001
 0.6678000000000003
 0.7752999999999999
 0.5856999999999999
 0.6991
 0.6618000000000002
 0.5884000000000001
 0.7555000000000003
 0.8073
 0.7439999999999998
 0.5497000000000001
 0.6925000000000001
 0.5929
 0.5199000000000001
 0.5801999999999998
 0.5885000000000001
 0.6958000000000003
 0.6326
 0.5880000000000001
 0.7356
 0.5463999999999999
 0.5804
 0.7376
 0.7846999999999998
 0.7140000000000001
 0.5976
 0.7383000000000002
 0.8113999999999999
 0.6957999999999999
 0.6331000000000001
 0.7727999999999996
 0.7329999999999997
 0.5850000000000001
 0.46709999999999985
 0.7138999999999999
 0.6785000000000001
 0.6663000000000001
 0.4823000000000001
 0.43480000000000013
 0.6951999999999999
 0.6099000000000001
 0.6822000000000001
 0.8255999999999999
 0.5664000000000001
 0.6245000000000003
 0.4722000000000001
 0.6751000000000001
 0.6151999999999999
 0.5822999999999999
 0.5848
 0.6005000000000003
 0.6953999999999998
 0.6188000000000002
 0.5936999999999999
 0.5624999999999999
 0.5728
 0.7419999999999994
 0.6541999999999999
 0.5866
 0.6436000000000002
 0.7099
 0.6452
 0.5734999999999999
 0.5771000000000001
 0.6871999999999998
 0.5240999999999998
 0.5433000000000003
 0.7795999999999998
 0.7256999999999997
 0.6761999999999998
 0.5841
 0.4500000000000001
 0.6932999999999998
 0.6561
 0.6363000000000002
 0.4252999999999998
 0.5484000000000001
 0.5140999999999998
 0.7292000000000002
 0.4625999999999999
 0.5477000000000001
 0.5405000000000002
 0.4773000000000001
 0.5236
 0.4705999999999998
 0.6769999999999996
 0.44679999999999986
 0.6556999999999998
 0.5832000000000002
 0.45049999999999996
 0.47129999999999983
 0.7263999999999998
 0.574
 0.5655000000000001
 0.5971
 0.48339999999999994
 0.4895999999999999
 0.40819999999999995
 0.6155999999999999
 0.4403
 0.5876000000000001
 0.7286
 0.5978000000000001
 0.5415999999999997
 0.6012
 0.7118000000000001
 0.6705000000000001
 0.5654000000000002
 0.7178999999999998
 0.49789999999999984
 0.7454999999999998
 0.6960000000000001
 0.7836999999999996
 0.5626999999999999
 0.4374999999999997
 0.6206000000000003
 0.7085000000000001
 0.8438999999999994
 0.6703999999999998
 0.6106000000000001
 0.7069000000000001
 0.5958000000000001
 0.49709999999999993
 0.6043000000000002
 0.7400000000000003
 0.5421
 0.6361999999999999
 0.42639999999999995
 0.6197000000000003
 0.6140000000000001
 0.7748
 0.6311999999999999
 0.5249999999999999
 0.5789000000000001
 0.6383
 0.5078999999999998
 0.5694
 0.5764999999999998
 0.4563000000000001
 0.8027999999999993
 0.5251000000000001
 0.48039999999999994
 0.6095000000000002
 0.5872000000000002
 0.504
 0.4821000000000001
 0.46869999999999995
 0.32730000000000004
 0.48560000000000003
 0.47200000000000025
 0.7415999999999996
 0.48399999999999993
 0.7031000000000003
 0.5895000000000001
 0.6857000000000001
 0.5923000000000002
 0.6604000000000001
 0.6763000000000001
 0.748
 0.6349000000000001
 0.5168000000000003
 0.5465999999999999
 0.5274000000000001
 0.5219
 0.6088000000000002
 0.5093000000000001
 0.4504000000000001
 0.6795999999999996
 0.6637000000000001
 0.5694
 0.5010000000000001
 0.5977999999999998
 0.5886
 0.5352999999999999
 0.5771999999999999
 0.563
 0.46659999999999996
 0.5607999999999999
 0.6178
 0.3778
 0.5227999999999999
 0.6261000000000002
 0.7372
 0.46959999999999996
 0.4732
 0.4990000000000001
 0.6303999999999998
 0.3534000000000001
 0.4780000000000001
 0.6877999999999999
 0.5801999999999999
 0.6325000000000001
 0.5468999999999999
 0.4832999999999998
 0.5920000000000002
 0.46930000000000016
 0.48869999999999986
 0.5847999999999999
 0.7460999999999998
 0.7371999999999997
 0.4666999999999997
 0.6402
 0.6318000000000003
 0.6376000000000002
 0.6162
 0.6353000000000002
 0.6524000000000002
 0.5980000000000001
 0.4771000000000001
 0.6493999999999999
 0.6639000000000002
 0.6185000000000003
 0.4256
 0.5430999999999999
 0.5313
 0.6015999999999999
 0.5907000000000001
 0.39499999999999985
 0.7256999999999999
 0.7177999999999999
 0.5822999999999999
 0.6185
 0.5266000000000002
 0.6995000000000003
 0.6134000000000003
 0.4583999999999998
 0.6606000000000002
 0.49310000000000004
 0.40769999999999995
 0.5894
 0.5883000000000002
 0.5159999999999999
 0.5328
 0.38799999999999985
 0.6472000000000002
 0.5434999999999999
 0.7055999999999999
 0.5188
 0.7755999999999997
 0.5733999999999999
 0.6350000000000002
 0.4679999999999998
 0.535
 0.5632999999999999
 0.3666000000000001
 0.5525999999999999
 0.46230000000000004
 0.45380000000000004
 0.5451
 0.49180000000000007
 0.5440999999999999
 0.5084000000000001
 0.5469999999999997
 0.7167999999999997
 0.566
 0.5316000000000001
 0.46309999999999996
 0.30639999999999995
 0.5303
 0.5318999999999999
 0.5012999999999999
 0.5793999999999998
 0.5001
 0.6968
 0.5784999999999999
 0.3244
 0.5535999999999999
 0.4899
 0.6409999999999999
 0.6812000000000001
 0.4724000000000001
 0.5864
 0.6066999999999999
 0.5687999999999999
 0.43719999999999987
 0.46659999999999996
 0.5469
 0.3474999999999999
 0.5090000000000002
 0.5529000000000001
 0.6337999999999999
 0.5620999999999998
 0.6763000000000001
 0.6710000000000003
 0.4690000000000001
 0.5065
 0.457
 0.4869999999999998
 0.48180000000000006
 0.7302999999999997
 0.5792
 0.47730000000000006
 0.4826999999999998
