 0.952199999999999
 0.9603999999999989
 0.9567999999999988
 0.901799999999999
 0.9434999999999993
 0.9151999999999992
 0.8579999999999994
 0.9059999999999994
 0.922899999999999
 0.8711999999999991
 0.8227999999999995
 0.8857999999999994
 0.8610999999999995
 0.845
 0.8204999999999998
 0.6506000000000002
 0.7876999999999995
 0.7816999999999997
 0.8769999999999994
 0.6551999999999998
 0.7026999999999997
 0.6421000000000002
 0.6230000000000001
 0.854899999999999
 0.7305000000000003
 0.7675999999999996
 0.8290999999999997
 0.7367999999999998
 0.5431
 0.7173999999999997
 0.7317
 0.6568
 0.7848999999999997
 0.6902999999999996
 0.7085999999999999
 0.5790000000000002
 0.5098999999999998
 0.8340999999999995
 0.5917
 0.6242
 0.6012000000000003
 0.6851000000000004
 0.6789999999999999
 0.8598999999999997
 0.8086
 0.7307999999999995
 0.7051
 0.6892999999999998
 0.6124
 0.7014999999999999
 0.8656999999999998
 0.6796000000000001
 0.913999999999999
 0.7279000000000001
 0.4276000000000002
 0.5611
 0.7051
 0.6601999999999998
 0.6279
 0.6979
 0.6807999999999998
 0.6735000000000001
 0.5228
 0.6076
 0.7340000000000001
 0.5098999999999997
 0.6784999999999998
 0.613
 0.6784
 0.7468999999999997
 0.8419999999999994
 0.7795999999999996
 0.6716000000000002
 0.6895000000000002
 0.7174999999999996
 0.7078999999999996
 0.7920999999999997
 0.5331000000000001
 0.6972999999999999
 0.6347999999999999
 0.6429
 0.5632
 0.7176
 0.5963000000000003
 0.5213999999999999
 0.6699999999999998
 0.6008
 0.7803999999999993
 0.5748
 0.5053000000000003
 0.5269000000000001
 0.6633999999999998
 0.6931
 0.42760000000000004
 0.5805999999999999
 0.6126999999999999
 0.5303
 0.6396000000000001
 0.7702999999999998
 0.6941000000000003
 0.5547
 0.6080999999999999
 0.5257999999999998
 0.45029999999999987
 0.5748000000000001
 0.5151
 0.6453999999999998
 0.5861
 0.5231000000000001
 0.6670999999999999
 0.44910000000000005
 0.5858999999999999
 0.6853999999999999
 0.7562000000000001
 0.7083999999999999
 0.5553999999999997
 0.7092000000000002
 0.7261999999999997
 0.634
 0.574
 0.6906
 0.6518
 0.49019999999999997
 0.44549999999999995
 0.6681999999999999
 0.6208000000000002
 0.6191999999999996
 0.45860000000000006
 0.40020000000000006
 0.6236999999999997
 0.4522
 0.5686000000000001
 0.7605999999999997
 0.5451000000000001
 0.6469999999999999
 0.4783999999999999
 0.6861999999999998
 0.5381999999999999
 0.4979999999999998
 0.5127
 0.5153
 0.6162999999999998
 0.5644999999999998
 0.47200000000000003
 0.5286
 0.4704
 0.6254000000000004
 0.5434
 0.5774000000000001
 0.6452999999999998
 0.6760999999999998
 0.5717
 0.5143
 0.44330000000000014
 0.6464
 0.42890000000000017
 0.4339
 0.6420999999999998
 0.6933
 0.6552999999999998
 0.512
 0.3948
 0.6258000000000002
 0.5056
 0.5771000000000002
 0.31259999999999993
 0.5182000000000001
 0.4351
 0.7314000000000002
 0.3915999999999999
 0.4791000000000002
 0.35719999999999996
 0.38249999999999995
 0.5146
 0.42849999999999994
 0.5656000000000002
 0.4724000000000001
 0.5708000000000001
 0.5144999999999997
 0.4071000000000001
 0.4334999999999997
 0.6756000000000002
 0.5529999999999999
 0.5013999999999998
 0.5479999999999999
 0.42790000000000006
 0.47119999999999995
 0.3493
 0.5296
 0.45070000000000016
 0.4959000000000001
 0.7115999999999997
 0.48499999999999976
 0.5649000000000001
 0.5315000000000002
 0.6580999999999997
 0.6191999999999999
 0.5252999999999999
 0.6885000000000001
 0.4759999999999999
 0.7292999999999998
 0.6082
 0.6632000000000001
 0.6381000000000001
 0.38779999999999987
 0.565
 0.7317
 0.7670999999999998
 0.6333000000000001
 0.5859000000000001
 0.7026999999999998
 0.5290999999999999
 0.46979999999999983
 0.5072
 0.6502
 0.48539999999999994
 0.47879999999999984
 0.3543999999999999
 0.5631999999999999
 0.5083000000000001
 0.7352000000000003
 0.5509000000000001
 0.46860000000000007
 0.4846999999999999
 0.4820999999999999
 0.4373999999999998
 0.5801999999999999
 0.4825
 0.40769999999999995
 0.6719999999999995
 0.4907999999999999
 0.41470000000000007
 0.5329000000000002
 0.4902000000000001
 0.42029999999999995
 0.4554999999999999
 0.36560000000000004
 0.3526
 0.36379999999999973
 0.39280000000000004
 0.6094999999999999
 0.4662999999999999
 0.6284
 0.5776
 0.5762
 0.5653
 0.5857000000000003
 0.6561
 0.6214
 0.5913999999999998
 0.46629999999999994
 0.4921999999999999
 0.4780000000000001
 0.45940000000000003
 0.4976
 0.4667999999999999
 0.4101999999999999
 0.6105999999999998
 0.5516
 0.41200000000000003
 0.36989999999999995
 0.43760000000000004
 0.4957000000000002
 0.5308
 0.5309999999999999
 0.4716999999999998
 0.3586000000000001
 0.3764999999999999
 0.5287999999999998
 0.2861999999999999
 0.5103999999999999
 0.5860000000000002
 0.6733
 0.4063000000000002
 0.3886
 0.39519999999999994
 0.5734999999999997
 0.30829999999999996
 0.4776999999999999
 0.5985
 0.5373999999999998
 0.5452999999999999
 0.49239999999999995
 0.38559999999999983
 0.6040999999999999
 0.39490000000000014
 0.4673999999999999
 0.4455000000000001
 0.6257
 0.5925999999999998
 0.43329999999999996
 0.6302000000000001
 0.45339999999999997
 0.5372999999999999
 0.41540000000000005
 0.5925
 0.5905000000000004
 0.5512999999999998
 0.44039999999999985
 0.5624999999999997
 0.5356000000000001
 0.6026999999999998
 0.3948000000000001
 0.4918
 0.4531
 0.47399999999999987
 0.4923
 0.37070000000000003
 0.6138999999999999
 0.7687000000000002
 0.5460999999999998
 0.4533999999999999
 0.47989999999999994
 0.6328000000000003
 0.44140000000000007
 0.46569999999999967
 0.5866
 0.3897
 0.40569999999999995
 0.46880000000000016
 0.5706
 0.45569999999999977
 0.4538999999999999
 0.39409999999999984
 0.5616
 0.47650000000000003
 0.5379999999999999
 0.4338999999999998
 0.6584
 0.4445999999999999
 0.5246
 0.5487
 0.4639999999999999
 0.39699999999999996
 0.30469999999999997
 0.46790000000000004
 0.41789999999999994
 0.4242
 0.5156999999999998
 0.3825
 0.5200999999999998
 0.43200000000000005
 0.49109999999999987
 0.6433000000000003
 0.5099999999999999
 0.42969999999999997
 0.3765
 0.3079
 0.4084000000000003
 0.5172999999999999
 0.436
 0.5113999999999997
 0.4166
 0.5925000000000001
 0.45870000000000016
 0.2782000000000001
 0.47359999999999985
 0.37910000000000005
 0.568
 0.6267000000000001
 0.4722
 0.48580000000000007
 0.5198999999999999
 0.44029999999999986
 0.4211
 0.5140999999999999
 0.5221999999999997
 0.2880000000000001
 0.3982999999999998
 0.5271999999999999
 0.5458
 0.49940000000000007
 0.5772999999999999
 0.5784000000000004
 0.42200000000000004
 0.43799999999999994
 0.42080000000000006
 0.3868999999999999
 0.4289
 0.5846999999999996
 0.4521999999999998
 0.4049999999999999
 0.37810000000000005
 0.415
 0.47029999999999994
 0.49740000000000006
 0.4866
 0.3812
 0.27970000000000006
 0.45429999999999987
 0.4424000000000002
 0.7331999999999997
 0.4667000000000001
 0.5805
 0.40929999999999994
 0.45300000000000007
 0.5554
 0.38819999999999993
 0.5073000000000001
 0.40039999999999987
 0.5236999999999999
 0.5839999999999999
 0.5232000000000001
 0.3109
 0.4392000000000001
 0.42310000000000003
