-363.69432563980763
-387.9586349680426
-348.456635929992
-323.1809394891929
-317.51398049359443
-267.53472430895954
-294.16510319808805
-288.52968293615396
-270.6506660666483
-295.12014516611765
-259.6865567744476
-236.87114907014976
-291.6784668749803
-238.5291517373926
-231.85493137709614
-244.72360760247665
-252.71627890299234
-240.74012522966802
-225.69408194851357
-234.2385844621667
-207.8536716170094
-234.8391404446834
-210.51606765330484
-219.32119695581912
-221.40259545486737
-251.5554884172809
-220.0196690195235
-234.345577076075
-224.9810831095078
-222.96105325235152
-232.09190117149316
-228.51616195391867
-202.3286171299046
-226.00864717923687
-224.47752101097322
-224.38107328821062
-205.7855773439402
-210.60238402034264
-217.78563123994726
-220.46543408428388
-250.44843512202303
-220.5047130734468
-229.99125859562602
-257.4008097260631
-225.32895682903876
-211.17968061237553
-225.80318684514995
-5.701701897238247
-120.87166429075197
-130.2115358435154
-125.42980054510218
-120.07030490491584
-126.01882584260427
-102.61427293854675
-126.45631124805602
-117.64832497556705
-119.61734008315896
-126.00325367479576
-113.93737143024835
-108.14847261134571
-132.45938930006741
-111.76307579216888
-112.21906184000731
-107.67796256909209
-120.460588632646
-113.5534466801677
-115.69164224178971
-109.13549148918062
-105.01791212087056
-118.27580072327167
-111.17142689138196
-113.01824443845915
-117.12968550359952
-131.58466697923325
-116.74857741283326
-128.61928007528869
-124.52051837543335
-121.74052950275185
-134.7487841398064
-131.46873149643443
-123.08634670940415
-134.26298636866835
-144.58299661689102
-142.64087145708908
-135.7592296911522
-142.19696140335594
-147.1547110055499
-155.75220967621334
-181.36041935857673
-166.23529125711156
-175.60644818207803
-203.89033164756208
-186.85540062659138
-182.14400253366588
-212.49316732664522
-10.6748449450939
-80.00228713109401
-88.31992771583771
-86.68140457024865
-82.59885812830063
-86.44446851775825
-72.37620674131107
-86.12629073678889
-86.6488661901582
-84.99133146720969
-90.82954394841927
-79.75082369662803
-81.07579772802727
-95.90566392939527
-81.24537959013828
-84.8528959789378
-85.62342951320677
-89.5534254064021
-88.44023128661703
-84.817580186457
-84.34287798236575
-78.34108721775233
-90.45002204621764
-84.38544010965482
-85.95829678395364
-92.64587055421691
-101.01037409898485
-88.76519891199825
-99.54212712418379
-96.02249862399194
-99.94701984700383
-100.04160307034942
-102.66699715161775
-96.84213958094558
-105.09338765165393
-113.56323461917927
-112.15122923161579
-111.40040993015269
-108.8108363807511
-123.01892750660103
-129.40581421568024
-148.54725043522146
-139.47300805564635
-146.82432083068704
-174.61071091792618
-170.79846020166343
-158.37924309027716
-201.32444175762313
