1	20588
4401	1
4402	1
2	5517
3	2899
4	1799
4405	1
5	1310
6	1003
7	793
8	624
9	514
10	516
11	362
12	330
13	313
22015	1
14	250
15	211
17	226
16	230
19	182
18	188
21	152
20	140
23	131
22	141
25	93
24	115
27	111
8827	2
26	97
29	89
28	105
31	92
30	87
34	66
35	68
32	83
17632	1
33	78
38	65
39	63
36	58
37	68
42	53
43	50
40	75
41	61
46	43
47	41
44	63
45	55
26258	1
51	52
13155	1
50	46
49	48
48	50
55	46
54	42
53	45
52	38
59	28
58	35
57	32
56	44
63	32
62	35
61	37
60	35
68	26
69	27
70	22
71	35
64	31
65	28
66	38
67	34
76	20
77	27
78	25
79	20
13080	1
72	29
73	27
4474	1
74	18
75	30
85	20
84	20
87	16
86	30
81	23
80	17
83	29
82	19
93	17
92	17
252535	1
95	10
17566	1
94	15
89	20
88	19
91	15
4458	1
90	25
102	18
8710	1
103	12
21910	1
100	14
101	20
98	15
4435	1
99	19
96	16
97	15
4446	1
110	16
111	21
108	21
8716	1
109	11
106	14
47801	1
8715	1
107	15
104	18
105	15
4423	1
119	13
4422	1
118	10
117	18
116	12
115	16
114	20
113	16
112	17
8735	1
127	12
126	21
125	10
8732	1
124	10
123	15
122	13
8729	1
121	12
120	12
137	14
136	15
21881	1
139	11
138	15
141	12
140	7
4540	1
143	13
142	13
129	15
128	19
131	12
130	20
133	19
132	15
135	6
134	14
152	14
153	8
154	8
155	11
156	10
157	5
158	11
159	17
144	7
26161	1
145	12
146	10
147	16
148	17
149	10
150	10
151	12
26122	1
171	6
170	10
169	4
4504	1
168	9
175	7
174	9
173	10
172	8
163	15
162	8
161	13
160	9
167	10
4503	1
166	6
165	8
4501	1
30516	1
164	12
186	18
4490	1
187	4
184	10
8921	1
185	10
190	11
191	7
188	5
13292	1
189	8
178	9
179	6
176	9
56515	1
177	12
182	6
183	7
180	14
181	14
205	6
204	8
207	7
206	2
201	9
200	11
203	9
30555	1
202	5
197	5
196	10
13204	1
4599	2
199	4
198	10
193	5
192	7
4595	1
195	8
194	10
220	12
221	4
222	11
223	4
216	7
217	3
218	10
219	7
212	8
213	5
214	6
215	8
21793	1
208	2
209	8
210	8
211	3
239	9
238	5
237	10
236	7
235	1
234	10
233	6
232	7
231	4
230	3
4565	1
229	5
228	5
227	8
226	4
225	8
224	5
254	4
255	4
4556	1
252	6
253	4
250	7
13226	1
251	6
248	3
249	5
4553	1
246	4
247	8
244	6
4549	1
245	5
242	5
243	8
240	8
241	5
4545	1
275	4
274	5
273	4
272	4
279	8
278	6
277	2
276	3
283	6
282	3
281	2
280	6
9080	1
287	8
286	6
285	1
284	6
258	6
4146	1
259	7
256	4
257	3
4150	1
262	6
4151	1
263	5
260	1
261	6
266	4
267	4
264	3
265	1
270	11
52301	1
271	5
268	4
269	7
305	1
304	5
307	2
306	3
309	5
52342	1
308	2
311	3
310	8
4105	1
313	3
312	4
315	5
108782	1
314	3
4109	1
317	4
316	9
319	3
318	2
26497	1
288	2
289	8
290	7
291	3
292	13
293	8
294	5
295	3
296	6
297	8
298	1
4123	1
299	4
300	2
301	5
60940	1
302	6
303	3
343	6
342	3
21671	1
4197	1
341	4
4196	1
340	8
339	1
338	7
12802	1
337	4
336	7
351	3
350	3
349	6
348	4
347	7
346	3
9018	1
345	3
344	3
4214	1
326	5
327	1
324	5
325	4
322	2
323	7
320	5
321	5
334	6
335	5
332	3
333	2
330	4
331	6
328	3
9001	1
329	6
373	3
21637	1
372	4
4167	1
375	4
374	3
35058	1
369	6
368	1
371	4
370	5
381	4
380	7
35068	1
383	1
382	2
377	7
376	6
379	5
378	4
356	1
357	2
358	2
359	5
17825	1
352	8
353	5
354	4
355	5
364	4
365	4
366	1
4191	1
367	5
360	5
361	5
8970	1
362	4
363	3
410	6
411	2
408	5
409	3
414	2
415	2
412	2
413	4
402	5
403	3
4259	1
400	1
401	5
406	5
407	5
12996	1
4260	1
405	7
4283	1
395	3
394	3
393	3
52426	1
392	2
399	4
9199	1
398	2
397	1
396	1
387	4
56817	1
386	2
385	2
384	5
391	5
4278	1
390	5
389	4
26404	1
440	3
441	1
442	3
443	3
444	6
445	4
446	3
447	2
432	1
433	6
434	2
435	2
436	1
437	4
438	5
439	3
4231	1
425	1
424	7
427	4
4250	1
426	2
70315	1
429	2
428	3
431	3
430	1
417	1
4241	1
416	5
419	6
418	1
9154	1
421	5
420	5
423	3
422	5
479	2
476	1
12941	1
477	3
474	5
475	2
472	4
12936	1
473	1
470	6
471	2
468	3
469	2
466	2
467	2
464	3
465	4
463	4
462	4
461	2
460	2
459	8
458	1
4345	1
457	3
456	1
455	4
454	2
9125	1
452	4
451	2
450	3
449	4
448	1
21516	1
509	5
510	3
12975	1
511	3
504	4
505	3
506	1
4298	1
507	1
12971	1
500	4
4294	1
502	4
503	2
496	1
122805	1
497	5
498	5
499	1
493	1
492	4
495	2
489	3
488	3
491	1
490	1
485	4
484	1
487	4
486	3
481	3
480	4
483	1
482	1
550	4
551	4
4887	1
548	2
549	1
546	1
8259	1
547	1
544	2
545	3
558	1
559	3
556	1
557	2
554	3
555	1
552	3
553	2
567	1
566	4
565	2
564	3
563	1
4867	1
562	4
561	4
560	3
575	3
574	2
573	1
572	2
571	1
570	2
569	2
568	3
516	3
517	1
167913	1
519	1
22513	1
512	2
513	1
515	2
524	1
525	2
526	2
527	4
521	2
523	1
533	3
532	4
535	2
529	3
528	4
531	4
530	5
541	1
540	1
543	3
542	1
537	3
536	4
539	1
538	1
611	5
8192	1
608	2
18080	1
609	1
614	3
615	2
612	3
613	2
618	5
12603	1
619	3
616	4
4953	1
617	3
623	1
620	1
4931	1
627	1
626	1
625	1
4929	1
624	2
631	2
630	2
629	1
4932	2
628	2
635	2
634	6
632	3
4943	1
639	1
638	1
637	2
636	1
576	2
4977	1
39666	1
577	5
579	1
581	2
582	1
583	3
585	2
586	4
587	3
588	4
589	1
590	2
591	2
593	1
592	2
12547	1
595	3
594	3
597	2
596	1
599	4
598	2
601	1
600	2
603	2
602	2
605	3
8252	1
604	2
607	1
606	1
687	1
686	1
685	1
5021	1
684	1
8396	2
683	2
682	4
681	4
680	1
679	1
678	1
677	2
676	1
675	1
674	1
672	2
703	4
700	1
701	2
698	2
699	1
696	3
697	2
694	3
695	2
692	5
690	3
691	3
688	2
689	1
653	1
652	2
655	4
654	2
649	2
651	2
650	3
645	2
644	1
646	4
641	2
640	3
643	3
669	1
670	2
671	4
664	1
665	2
666	3
667	2
660	1
5029	1
661	1
662	1
663	1
656	1
657	2
5026	1
658	1
659	4
5083	1
747	1
745	5
744	1
8335	1
751	1
750	1
8334	1
748	1
739	1
5075	1
738	1
5072	1
743	3
742	3
741	2
70140	1
762	1
763	1
760	2
761	1
766	4
5070	1
767	1
764	2
8338	1
754	1
755	4
758	1
759	2
756	2
713	1
715	2
716	1
719	3
718	1
705	4
704	1
5107	1
707	3
706	1
709	3
708	2
711	1
728	2
5096	1
729	1
730	2
5099	1
731	2
732	3
35678	1
733	2
734	2
720	1
721	3
724	1
725	1
726	1
727	1
821	1
820	1
823	2
822	2
817	3
816	2
8531	1
818	1
829	1
825	2
824	2
827	1
826	3
804	1
805	1
806	3
8512	1
801	2
802	3
803	1
812	1
39839	1
815	2
809	2
810	1
811	1
22234	1
791	1
790	2
788	1
47552	1
787	4
786	2
785	3
784	5
4653	1
797	2
796	1
43256	1
794	1
793	3
4648	1
774	2
775	2
772	3
4661	1
770	2
768	2
769	1
782	4
780	2
781	1
779	1
776	1
880	1
12323	1
883	4
882	1
884	2
886	1
889	1
891	3
890	1
69756	1
893	1
12332	1
894	1
8478	1
4688	1
864	1
865	3
866	2
867	1
868	1
8453	1
870	1
871	1
872	3
873	2
875	2
876	2
877	1
878	1
4702	1
879	1
117798	1
850	2
849	1
8496	1
39908	1
855	1
854	1
853	4
852	1
859	3
858	1
12298	1
857	1
18334	1
862	2
860	2
64850	1
832	2
833	2
838	1
839	1
843	2
12312	1
840	1
841	3
60523	1
12318	1
847	1
845	2
958	2
959	1
952	1
953	1
8661	1
950	1
944	3
945	1
4737	1
4738	1
946	1
947	1
941	1
942	3
4766	1
937	3
4760	1
936	2
938	1
25867	1
18276	1
933	1
932	2
935	2
934	1
39698	1
4752	1
931	1
927	1
4780	1
924	3
925	1
922	2
920	2
921	1
918	1
916	1
917	3
914	1
915	2
912	2
913	1
909	4
908	1
4796	2
906	1
905	1
904	2
903	1
902	5
901	2
900	1
899	2
898	2
897	1
896	2
1017	1
1019	1
1020	1
1023	2
1008	1
1010	3
1011	3
1013	1
4807	1
1004	1
1007	1
1006	2
8576	1
992	1
995	3
994	1
997	1
996	3
8583	1
999	1
8582	1
998	1
4842	1
987	1
984	2
8633	1
985	3
990	1
988	1
989	2
978	1
979	3
976	2
977	1
980	1
981	1
971	1
970	1
969	3
975	1
4863	1
974	2
972	1
962	3
961	1
960	2
967	1
966	1
965	2
964	1
1102	3
14111	1
1103	3
1096	1
1097	1
1098	1
1099	1
1094	1
9767	1
1090	2
1091	1
1116	1
1119	1
1118	1
1113	2
1115	2
1114	1
1109	2
1108	1
16534	1
1105	4
1107	1
1106	1
1134	3
5468	1
1132	1
1131	2
1128	1
1129	1
1126	1
1127	1
20885	1
1124	1
1125	2
64113	1
1123	1
9728	1
1120	1
5457	2
1149	2
1146	1
1143	1
1141	1
1140	1
14116	1
1139	1
1137	1
5432	1
1032	1
1033	1
1035	1
1036	3
1039	3
1024	3
1028	1
1029	2
1031	1
5416	1
1048	2
74829	1
1050	1
1055	1
1041	2
16593	1
1040	2
14147	1
1043	1
16595	1
5410	1
1045	1
86994	1
1044	1
1047	1
29574	1
5402	1
1066	1
1064	3
1071	1
1068	1
1058	1
5395	1
1059	1
1056	2
14193	1
1062	1
5396	1
1060	1
1083	1
1082	1
1080	1
1086	1
1085	1
1075	1
5379	1
1079	4
1078	2
40070	1
5381	1
1076	1
5620	2
1223	2
5622	1
9889	1
1216	1
1218	1
1229	1
1231	4
1230	1
1225	2
1224	3
1227	1
5605	1
1233	1
9905	1
1244	1
1245	3
1247	1
16414	1
1240	1
5609	1
1242	1
9862	1
1252	2
1251	1
1250	1
71654	1
1248	1
1261	1
1259	2
9866	1
1257	1
51626	1
9878	1
1270	1
1271	1
1269	1
1264	1
74919	1
5569	1
1278	1
1279	1
5580	1
1277	1
1274	1
20747	1
9882	1
1275	1
1273	1
29459	1
1157	1
44903	1
1158	2
1162	1
1167	1
5566	1
14272	1
1169	2
1170	2
20834	1
1172	3
1173	1
1174	1
1176	1
1177	1
1178	1
1179	1
1180	1
1181	1
1183	2
5551	1
1187	2
1185	1
1184	1
1190	1
5526	1
1188	1
1195	1
1194	2
5529	1
1192	2
1198	2
1197	1
1196	1
1202	1
1201	1
1207	2
1204	1
1205	1
1210	1
1211	2
1209	1
1373	1
5228	1
1372	1
1370	1
1368	1
1367	1
5223	1
1363	2
1362	1
1358	1
1359	1
5247	1
1356	1
1357	1
5245	1
1354	1
36040	1
1350	4
1348	1
1349	1
5237	1
1344	1
1345	1
1404	1
1407	1
1406	1
5193	1
1403	1
16826	1
10010	1
5189	1
36086	1
1397	2
1398	1
1393	1
1395	1
1394	1
5212	1
20639	1
1391	1
13887	1
1387	1
5200	1
1377	1
1306	1
82926	1
1305	1
1304	1
5165	1
1297	1
5152	1
1301	1
1300	1
16841	1
1289	2
1294	1
1295	1
1292	1
13917	1
1293	1
5171	1
1283	1
1280	1
1287	1
49111	1
1284	1
1285	1
5128	1
1339	2
1341	1
13932	1
67338	1
1342	1
20673	1
1331	2
1335	1
1334	2
5145	1
1321	1
1323	2
5148	1
1325	3
29375	1
1317	1
5142	1
1318	1
1319	1
44740	1
1491	1
1489	1
16670	2
5357	1
1501	2
1498	1
16666	1
1497	1
1478	1
1477	1
1472	1
1485	1
40319	1
16650	1
1483	1
1482	1
10154	1
1525	1
1526	1
20486	1
1527	2
10128	1
1520	1
1521	1
5314	1
1505	1
1516	2
1512	1
29187	1
5283	1
20583	1
1430	3
20581	1
1429	2
5285	1
1432	1
5288	1
20591	1
1436	2
5292	1
1437	1
5299	1
1415	2
1414	2
1413	1
5300	1
1419	1
5304	1
1416	1
1423	1
1422	1
1421	3
1457	1
1460	1
10197	1
1461	1
1464	1
5257	1
1465	1
1466	1
1468	2
1470	2
1471	1
1441	1
1445	2
1447	1
1448	2
1455	1
1454	1
1643	1
1641	1
1647	1
1645	1
1634	2
24770	1
1659	1
1656	1
1663	1
1662	1
1661	1
1649	2
1654	2
5957	1
1652	1
1609	1
1610	2
13595	1
1612	1
1613	1
1600	2
1602	1
1603	3
1605	1
1606	1
17030	1
1627	1
1626	1
170629	1
5997	1
1628	1
1630	1
1617	2
48257	1
1582	1
9294	1
1583	1
1581	1
5914	1
125759	1
1579	1
1574	1
5908	1
13684	1
1573	1
9282	1
1571	2
1569	1
1599	4
1598	1
9309	1
13669	1
1589	1
17141	1
1587	1
5889	1
13664	1
1584	3
40639	1
1548	1
5949	1
1549	2
5950	1
1551	1
1546	2
1540	1
5933	1
1561	1
1563	2
1562	1
1559	2
1763	1
1761	1
6096	1
1760	1
1766	1
1764	1
1771	1
6107	1
1773	1
6108	1
1784	1
1785	2
1791	1
1729	1
1731	1
52103	1
1733	1
6135	1
1737	1
1739	2
1740	1
1743	1
16913	1
1744	1
9399	1
1751	2
1752	1
1754	3
1756	1
1711	1
13820	1
1708	1
36648	1
17001	1
63652	1
6022	1
1719	2
1716	1
1717	1
1715	1
1712	2
1727	1
1723	1
1720	2
13800	1
9445	1
6071	1
1670	1
6065	2
1665	1
13789	1
6078	1
1674	1
1684	1
1685	1
1681	1
6051	1
1693	1
1690	1
5705	1
13352	1
1915	1
1914	1
1917	2
1916	1
1905	1
13347	1
1907	1
1911	1
1897	1
13373	1
1901	1
1903	1
1891	1
5719	1
1882	1
5741	1
5730	1
63811	1
1873	1
1868	1
5757	1
5746	1
1859	1
9509	1
9565	1
5641	1
1848	1
1851	2
5642	1
1850	1
1840	1
1843	1
5634	1
1842	1
5660	1
1836	1
1835	1
1828	1
1829	1
1830	1
1824	1
17374	1
1823	3
9596	1
1820	1
1817	2
5664	1
5695	1
1800	1
1801	1
1798	1
1799	1
1796	1
5685	1
21235	1
2033	2
2035	1
2037	1
17206	1
2040	1
5835	1
9627	1
9629	1
2047	1
5839	1
82199	1
2019	2
2022	1
5846	1
9608	1
2027	1
13501	1
2029	1
2030	1
5854	1
2002	1
59632	1
2001	1
2004	1
2010	1
9659	1
5864	1
2014	1
5872	1
13463	1
1988	1
1998	1
1996	1
1972	2
1973	1
209592	1
1970	2
1971	1
1981	2
1976	2
1959	1
5777	1
5779	1
1955	1
17261	1
1964	1
1967	1
1961	1
1962	1
1942	1
79601	1
5796	2
1941	1
1946	1
9723	1
1944	2
1945	1
51909	1
48470	1
1921	1
1920	2
1935	1
9708	1
21112	1
1928	1
2200	1
2201	1
2202	1
6562	1
2196	1
6566	1
6586	1
2186	1
153872	1
2190	1
6577	1
2176	1
15312	1
72580	1
2181	1
6580	1
2180	1
2234	1
41819	1
10973	1
2227	1
2224	1
2225	1
2231	1
2219	2
2216	1
89961	1
2221	1
2208	1
2214	1
6637	1
2271	1
2266	3
6628	1
6624	1
2255	1
19461	1
2244	1
2247	1
6646	1
2241	2
6643	1
2243	1
2242	1
6607	1
45611	1
10896	1
2286	2
10894	1
2282	1
10884	1
2273	1
2067	2
28340	1
6439	1
2073	1
2072	1
24044	1
59199	1
2076	1
2052	1
2054	1
2055	1
2059	1
2060	2
28335	1
2062	1
10833	1
2103	1
2101	2
2100	1
2106	1
68111	1
2110	1
2109	1
2083	1
2080	1
6423	1
2090	1
2091	4
50539	1
2093	1
6500	1
2134	2
2131	1
2143	1
2115	1
6515	1
2125	1
2126	1
2127	1
2122	1
2165	1
10773	1
2161	1
10768	1
32745	1
2168	1
10776	1
2150	1
28358	1
63101	1
6491	1
2153	1
2443	1
28461	1
6321	1
2433	1
15057	1
2438	1
2436	2
15051	1
93455	1
2461	1
6317	1
2450	2
2448	1
6305	1
11210	1
6290	1
2469	1
2471	1
19835	1
2491	1
2494	1
2482	1
6275	1
6398	1
2509	1
6392	1
11174	1
11169	1
2525	1
2520	1
2521	1
2519	1
2514	1
2515	1
2512	1
2542	1
6363	1
32374	1
11139	1
76213	1
11165	1
2559	1
6345	1
2548	1
2549	1
2551	1
2546	1
2307	1
2304	1
11109	1
2314	1
28591	1
2321	1
2326	1
2335	1
2332	1
2339	1
2341	1
6165	1
2349	1
2350	1
19953	1
2352	1
2357	1
2359	1
2358	1
19847	1
11044	1
2371	3
2368	2
2381	1
89740	1
2379	2
2377	3
6253	1
6249	2
2407	2
2400	2
6227	1
2414	1
103412	1
2417	1
6208	1
6211	1
2428	1
28639	1
2751	1
2748	1
7042	1
24387	1
2738	1
45180	1
7063	1
7062	1
7060	1
2723	1
2721	1
7084	1
33566	1
10485	1
2701	1
24445	1
2700	1
33546	1
2696	2
2699	1
2691	1
2811	1
2808	1
2814	1
20030	1
24321	1
7105	1
32103	1
14756	1
7108	1
85020	1
2792	1
2796	1
2785	1
2780	1
7151	1
2770	1
7138	1
2774	1
2775	1
2760	1
2763	1
2767	1
2753	1
14738	1
10405	1
7157	1
2759	1
6917	1
2613	2
2610	1
2623	1
6923	1
2617	1
2596	1
2597	1
2594	1
10318	1
292197	1
2603	1
6937	1
14713	1
32129	1
2578	1
14665	1
45270	1
33669	1
2567	2
6967	1
10263	1
2678	1
2683	1
10271	1
2659	1
2656	1
2641	1
7008	1
2646	1
14601	1
2624	1
7029	1
2629	1
7034	1
20332	1
2988	1
2981	1
14582	1
55249	1
3004	1
3005	1
10718	1
3007	1
27931	1
3003	1
2996	1
6784	1
2993	1
14557	1
2955	1
14554	1
2953	1
6838	1
2949	1
6836	1
2963	1
80527	1
6877	1
3055	1
10630	1
3046	1
3068	1
3057	1
10645	1
33357	1
3021	1
6909	1
45329	1
10657	1
3015	1
55223	1
14474	1
3038	2
3036	1
150397	1
2853	1
14455	1
2860	1
20468	1
2864	1
2821	1
2817	1
2831	1
2829	1
2824	1
10614	1
2837	1
6690	1
2834	1
14400	1
31884	1
2917	2
2918	1
6746	1
2923	1
6748	1
2925	1
2930	1
2932	1
14372	1
2935	1
45477	1
2937	1
89274	1
2943	1
10539	1
2889	1
6755	2
2897	1
6761	1
10553	1
7653	1
3283	1
16268	1
115624	1
3294	1
7657	1
3289	1
11962	1
3268	2
11936	1
11939	1
31580	1
3276	1
16287	1
3275	1
3318	2
3315	1
18491	1
3323	1
7635	1
46667	1
7596	1
3203	1
12005	1
3207	1
3256	1
53454	1
7570	1
7568	1
22870	1
3236	1
38127	1
3166	1
11833	1
96765	1
22955	1
3156	1
7550	1
3197	1
3195	1
18613	1
3186	1
22942	1
18604	1
3181	1
3176	1
7513	1
3177	1
27336	1
164235	1
3170	1
3100	1
11881	1
58156	1
7474	1
7435	1
3135	1
3133	2
11857	1
3127	1
3113	2
53340	1
18659	1
3107	2
3110	1
3526	1
3523	1
7394	1
3550	1
12221	1
3546	1
18723	1
7388	1
16063	1
3575	1
3568	1
115338	1
12184	1
7332	1
3482	1
3481	1
3486	1
3487	1
3484	1
22611	1
3490	1
3492	1
3495	1
22616	1
3501	1
3500	1
7305	1
22602	1
7295	1
3404	1
3405	1
3400	1
3401	1
3396	1
96484	1
3392	1
3412	1
3411	2
7259	1
15924	1
3429	1
18879	1
3454	1
7243	1
31466	1
3450	2
15911	1
92640	1
3446	1
3442	1
3340	1
3354	1
7201	1
3344	1
15936	1
7206	1
3360	1
15984	1
3387	1
3386	1
3376	1
3383	1
123879	1
3825	1
3828	1
11418	1
3835	1
34680	1
11422	1
3836	1
18979	1
3815	1
3817	1
8157	1
3798	1
11454	1
18975	1
18951	1
3785	1
11433	1
15769	1
3767	1
15844	1
11484	1
3746	1
3758	1
15867	1
8088	1
15808	1
11516	1
34586	1
8105	1
68787	1
34567	1
3719	1
3706	1
19134	1
3711	1
8013	1
15654	1
3690	1
81678	1
8029	1
8019	1
73056	1
8043	1
15627	1
23470	1
3658	1
15634	1
3654	1
3645	1
23501	1
3644	1
7948	1
3640	1
11348	1
19180	1
3625	1
3614	1
11387	1
11382	1
19153	1
3602	1
3589	1
7989	1
4073	1
30845	1
11662	1
30823	1
4090	1
4092	1
15511	1
4042	1
4051	1
4058	1
4062	1
7918	1
4012	1
19310	1
4020	1
15596	1
23167	1
3982	1
7844	1
23149	1
7850	1
77773	1
3944	1
11529	1
7771	1
7773	1
7760	1
3955	3
19381	1
7751	1
19382	1
15389	1
3907	2
3905	1
19352	1
3922	1
19432	1
3879	1
3874	1
3901	1
7689	1
11611	1
7690	1
7685	1
3889	1
15458	1
23293	1
3853	1
19403	1
15451	1
11616	1
3869	1
11644	1
3868	1
3866	1
3860	1
7716	1
