 -271.28394352755674
 -248.82129753769487
 -263.81466590673637
 -260.0623156787318
 -225.77019057842202
 -272.64209946868476
 -245.10545486417826
 -221.12237356700192
 -267.11394153450806
 -246.72124472231752
 -236.84217059185087
 -247.2659786479074
 -224.47192960489178
 -211.19937985589758
 -208.83029753319036
 -216.7492551726783
 -210.85777827744002
 -211.1173933216996
 -194.0587276355544
 -181.9483119704388
 -200.03630325881176
 -193.71250334384115
 -175.2606153412897
 -190.9083384655205
 -174.10965702450002
 -175.8049454332678
 -179.96633168670394
 -160.8599013972939
 -179.32316901438662
 -170.11889820659394
 -169.57135702678434
 -167.00338154116383
 -167.03930679939447
 -156.78582263005075
 -149.83826969593048
 -153.40445373607173
 -139.7932953504838
 -142.49288250770545
 -131.0757975949902
 -131.9621929896979
 -137.9039281510548
 -127.73367322925397
 -147.44640448771588
 -140.24895194997663
 -132.55341118401446
 -155.13474516817487
 -120.7104710006833
 -111.1644029634053
 -100.77202633696145
 -108.4026737668468
 -111.71588768130572
 -96.18281941949958
 -120.31490548382108
 -109.07155889170156
 -98.57825332951394
 -131.48381551784968
 -118.10657417106168
 -113.29387394608038
 -120.45267103295495
 -112.98168739884959
 -107.01170292368703
 -107.295278851051
 -113.75749254255379
 -111.14423346140148
 -112.7498050191905
 -104.45390585079389
 -99.58307340563285
 -110.46554583582703
 -107.43842925331676
 -98.5786241909663
 -109.6612200108439
 -101.32709369041976
 -100.83113834055646
 -106.18454056045232
 -95.30176136537676
 -106.49556865230984
 -100.32613005130732
 -101.99274158805662
 -102.79378888359092
 -101.14113756132238
 -96.09757304339936
 -93.9499401036094
 -96.14936335619421
 -88.63560185059193
 -92.51919845313479
 -84.13843484391622
 -86.43248243323643
 -89.52535160464551
 -85.86175357787366
 -98.35109167927172
 -96.54819931324438
 -91.9285790495532
 -112.84679921042535
 -90.24687004584904
 -84.85386723388793
 -77.14004447376547
 -83.45173848294989
 -84.66214216019269
 -73.64982370588906
 -90.35034471952373
 -84.39854740500422
 -75.64835442292157
 -102.35277474388755
 -91.64167196288768
 -87.31248753382087
 -92.30672722669314
 -88.81484666062272
 -82.85349081611963
 -83.52484466886561
 -89.1454432700067
 -85.6840032974723
 -88.81578084594383
 -81.2251522927975
 -77.67562503194578
 -86.13445095161804
 -83.03726895942619
 -78.20106113469176
 -86.22724220793869
 -80.45541519376847
 -79.20776889727857
 -85.96159548159824
 -76.0610934294005
 -84.25948036304779
 -79.61279095820124
 -81.76824344049508
 -81.34889257199313
 -81.16446519689661
 -77.16610925104246
 -76.51242613967682
 -77.77614714673771
 -71.32566170600386
 -74.45142607665898
 -67.4459596907121
 -70.25663151781282
 -71.78167870968804
 -69.7094840675897
 -79.71714426889187
 -78.04347248139167
 -74.81136747659951
 -91.94977718533593
 -74.27647869277038
