 -337.86073022034697
 -304.55725353526236
 -318.5852573188584
 -306.66869763204454
 -263.5955191837886
 -314.1236630056176
 -277.0131453748808
 -247.3186852557975
 -294.74848815518067
 -270.98410204701014
 -257.76917535856325
 -265.45826808085644
 -238.88179700968712
 -223.00605470722806
 -216.75630678350433
 -225.52729864518776
 -219.2080551569703
 -216.73251675880988
 -200.7099830041747
 -187.52005111232148
 -204.8024922304745
 -198.1613564708598
 -179.0436037710682
 -194.32851082694577
 -177.06786138777483
 -178.682377970518
 -183.85624198315884
 -163.73244416983817
 -182.95218547221157
 -172.73424894255703
 -172.95224515163144
 -171.04239874686573
 -172.31735570439395
 -162.71904665150998
 -155.6522420879166
 -158.8205175416846
 -147.30383829212886
 -148.2250835963602
 -136.5551367023433
 -140.47466772716217
 -146.21681611667313
 -136.61843481170845
 -157.94594938922577
 -151.9870723318294
 -142.70923011287994
 -166.77932159963336
 -131.32726136497567
 -125.93703667972072
 -112.67835244889899
 -121.89616699857814
 -124.47732924792446
 -106.98442472480066
 -136.1131317910961
 -120.5899814107497
 -109.2565037444489
 -140.18355442494524
 -130.88770730355193
 -124.32964927770543
 -130.00737261709662
 -121.53490565597812
 -115.15318073816091
 -112.26686618863647
 -121.0424723088897
 -116.38381564811387
 -117.9842064334095
 -107.71517617041927
 -101.95926678508465
 -113.25515334443782
 -108.61627488631869
 -98.04174852825571
 -109.15363639137428
 -98.2131626576324
 -99.00964176285011
 -102.40918347858992
 -92.94514338931609
 -102.38761715672835
 -93.56856713960589
 -98.85199572572849
 -95.6324793853122
 -94.50312865490626
 -89.35428493421509
 -84.44694856368115
 -86.94587816562216
 -78.90938850418489
 -80.37052586388342
 -73.51404928317565
 -75.64058315947773
 -76.93733340610322
 -72.21599017459216
 -84.8772886038942
 -82.80711080052346
 -79.31704533388375
 -96.79614593872665
 -79.06210731363986
 -68.83406202982407
 -62.50898232114828
 -67.81987008324138
 -68.85912090994512
 -58.87142593479956
 -75.81920011421131
 -66.44357535060219
 -61.824645710326934
 -82.72618338851998
 -72.29747431181754
 -71.22470468263683
 -73.4452429968299
 -70.52612967914249
 -64.31692794231057
 -63.563699085351644
 -71.01087988446773
 -67.85121906320614
 -69.54955133902031
 -62.595693406142665
 -58.82256706322164
 -67.96817563553238
 -63.75066367299236
 -60.04801296171056
 -65.80368019871385
 -60.43037483413047
 -59.64289592241114
 -64.16895108621928
 -55.857632131943994
 -61.31700486856468
 -57.44635058856157
 -58.95072964564568
 -59.54763980376516
 -58.38886385098544
 -56.96418071571212
 -51.40706169162227
 -55.111081530150614
 -50.81670024926643
 -50.70171834001085
 -46.202839280737805
 -48.64900675684993
 -49.16559231289113
 -48.19464336182184
 -56.03915786096175
 -53.71364313122507
 -52.8419041163369
 -63.64373209663567
 -54.93573406362587
