 -338.6509180061853
 -303.1360255633761
 -315.0165774100156
 -300.11639973522733
 -255.59231967504854
 -303.692658223317
 -263.920316036642
 -234.08127675201723
 -278.87324800571076
 -254.14575408327838
 -239.20760692335344
 -244.33851938805353
 -219.1228660495991
 -203.74203843708568
 -196.689354455138
 -204.01626871753442
 -196.3417112118775
 -194.79141819280085
 -179.29130306201463
 -164.11629441822276
 -180.9051571180936
 -174.71732499146094
 -156.81121484947812
 -170.624472967238
 -152.8919623317538
 -153.55947428223766
 -161.5203469828481
 -143.28850734039216
 -154.62762028734264
 -147.1616773647807
 -150.1984259369048
 -148.70458841938054
 -149.66394713301713
 -137.41997135997997
 -130.08618421986327
 -134.2261942916572
 -125.24452498885806
 -126.76203779216542
 -116.00217128505247
 -117.94834076885118
 -125.60455665736873
 -114.294632052303
 -131.0358348583533
 -129.20640017453871
 -123.02327995167201
 -142.5357407211561
 -111.7603419804652
 -94.06963956199182
 -86.07686257823273
 -94.44457556429921
 -95.06309980234431
 -83.82939718213079
 -101.99130321002929
 -94.59309378959168
 -85.3201054547479
 -109.96218922263493
 -99.00734980285168
 -95.9076806083686
 -98.70797136341855
 -92.52531983270931
 -87.00765649898274
 -83.4518491512887
 -93.25686445869515
 -87.98572772881242
 -87.98357433806478
 -81.29265084402662
 -76.15277136414278
 -84.61772853328863
 -80.59004101464649
 -74.15695585635791
 -81.26935085253811
 -74.21255943959518
 -72.71410134083207
 -77.83402956364115
 -70.0122799708478
 -75.75161248319128
 -70.92748741480362
 -70.11764503699806
 -69.45257912087509
 -71.11435750569039
 -64.6940369179553
 -60.54264171313698
 -62.40299402925253
 -58.028019638594195
 -59.690231626822964
 -55.178052402667824
 -56.323878744373495
 -57.50623427147411
 -55.337833706045096
 -64.199121158671
 -64.84575900075156
 -62.741007700259026
 -77.15701347858189
 -67.32950600524845
 -48.182511154493234
 -45.48483560353204
 -47.99524093916762
 -48.0553134504284
 -44.12066024154153
 -51.98411018476428
 -48.11717674293184
 -43.21441582971687
 -58.77872159742209
 -52.41948018644043
 -49.4583753076905
 -51.960497321049615
 -48.77900189611058
 -45.96273738009077
 -44.92281150069438
 -50.81293703345793
 -46.55706734773421
 -48.264600214860224
 -44.302414130896715
 -41.45695197046027
 -47.15082584468565
 -45.7422069487825
 -42.85680067622131
 -45.240039290449886
 -42.25837195213351
 -42.733851856364545
 -44.05398647604544
 -38.61320506911604
 -43.03914198118152
 -40.89855874388948
 -41.225291886283664
 -42.48463534688091
 -40.92622835009777
 -38.42478476403704
 -38.72628922190155
 -39.17687724353601
 -35.363030333221225
 -36.00649478112701
 -33.16238483604172
 -34.49521746438499
 -34.90434864720478
 -34.702832085136386
 -38.78020412033037
 -40.345831761293205
 -39.86464647516506
 -52.577468046231985
 -49.59437063712852
